0	8980
1	5809
2	5409
3	2860
4	2215
5	2832
6	418
7	5385
8	2564
9	5638
10	8457
11	244
12	6257
13	3765
14	6276
15	720
16	2272
17	5273
18	197
19	4708
20	9087
21	3820
22	5590
23	6268
24	2530
25	1490
26	926
27	8813
28	1354
29	9173
30	2843
31	6483
32	2891
33	6422
34	367
35	7942
36	3616
37	3319
38	4374
39	4513
40	7475
41	1849
42	8075
42	8888
43	282
44	579
45	3152
46	5303
47	8804
48	751
49	4407
50	4623
51	119
52	729
53	1190
54	6243
55	8646
56	3182
57	3979
58	3618
59	6344
60	1702
61	2217
62	7282
63	5050
64	5129
65	5961
66	7532
67	5370
68	9141
69	7685
70	4389
71	1396
72	1662
74	5936
75	3698
76	7853
77	8662
78	5605
79	7010
80	7255
81	1871
82	5943
83	2910
84	1985
85	7598
86	2464
87	6489
88	3063
89	7346
90	1299
91	4157
92	9300
93	3528
94	1083
95	5965
96	4836
97	4461
98	8757
99	5867
100	556
100	1878
100	5199
101	228
102	5679
103	8373
104	4273
105	8947
106	8908
107	1415
108	4775
109	6227
110	6376
111	7371
112	9014
113	4178
114	5882
115	9049
116	4597
117	5210
118	50
119	6143
120	6814
121	3501
122	7515
123	5235
124	2930
125	1079
126	3711
127	5089
128	5334
129	8446
130	6689
131	5200
132	2340
133	4163
134	9130
135	3393
136	4764
137	7174
138	2721
139	7111
140	7066
141	7440
142	4377
143	3155
144	3154
145	3877
146	4819
147	4913
148	6127
149	5755
150	2827
151	7070
152	4596
153	539
154	5959
155	7691
156	8716
157	5819
158	453
159	2992
160	7281
161	6250
162	408
163	2513
164	2346
165	7203
166	7126
167	7822
168	7795
169	1655
170	2258
171	3415
172	6743
173	6637
174	1034
175	597
176	8094
177	7072
178	3094
179	4191
180	6829
181	8251
182	7786
183	8145
184	1181
185	3338
186	8599
187	9195
188	8539
189	8548
190	3899
191	5666
192	2366
193	7082
194	6405
195	4758
196	19
197	4965
198	7607
199	8624
200	5776
201	8378
202	5820
203	2916
203	4542
203	7142
204	2846
205	3049
206	1320
207	3201
208	3517
209	8803
210	9290
211	7557
212	1188
213	5794
214	6662
215	7837
216	7158
217	506
218	1194
219	7864
220	5312
221	608
222	4136
223	8193
224	1257
225	5388
226	523
227	6875
228	6106
229	100
230	3119
231	6334
232	5782
233	938
234	916
235	2994
236	5539
237	4399
238	1921
239	311
240	9151
241	2626
242	5392
243	5844
244	5695
245	10
246	7477
247	6263
248	5128
249	8992
250	4950
251	9315
252	6877
253	7495
254	8159
255	5504
256	8823
257	2209
258	4980
259	2797
260	1075
260	6667
261	4205
262	1282
263	2501
264	1984
265	4126
266	1234
266	2386
266	6628
267	4395
268	2684
269	320
269	7915
270	8503
271	5607
272	7667
273	7672
274	6103
275	8843
276	9023
277	7349
278	4600
279	3590
280	2812
281	910
282	3355
283	42
284	7022
285	7005
286	9221
287	3997
288	2025
289	7301
290	5150
291	2490
292	6974
293	414
294	2476
295	6615
296	2094
297	884
298	6048
299	702
300	1561
301	7129
302	6355
303	6313
304	668
305	4718
306	4656
307	8245
308	651
309	3851
310	238
311	4604
312	8293
313	7564
314	4631
315	615
316	8979
317	1348
318	8394
319	6616
320	7546
321	268
322	4064
323	5258
324	2725
325	2277
326	2429
327	8776
328	2984
329	4771
330	3243
331	1972
332	3268
333	1028
334	3507
335	5524
336	1569
336	3450
337	8827
338	4441
339	2663
340	1234
341	8096
342	7413
343	7084
344	7338
345	2078
346	737
346	5442
347	446
348	3426
349	6546
350	8098
351	8328
352	4773
353	1039
354	6325
355	3421
356	4612
357	5538
358	7876
359	6971
360	5065
360	5244
361	1424
362	6521
363	2906
364	3314
365	4958
366	35
367	1999
368	6734
369	9039
370	5162
371	1610
372	6343
373	5499
374	4765
375	8665
376	824
377	7536
378	1649
379	1324
380	2033
381	6668
382	7229
383	3824
384	424
385	7499
386	4339
387	5964
388	4567
389	2533
390	3679
391	1290
392	7344
393	6809
394	7663
395	665
396	2391
397	7324
398	8643
399	2214
400	3413
401	2177
402	7385
403	4982
404	685
405	3681
406	9228
407	5758
408	6960
409	163
410	1741
411	2427
412	3712
413	9154
414	9260
415	292
416	5911
417	457
418	7110
419	7
420	9259
421	6484
422	4835
423	901
424	1369
425	385
426	3364
427	6924
428	6710
429	2507
430	7613
431	645
432	6651
433	2535
434	678
435	3829
436	7216
437	7112
438	7061
439	8462
440	4110
441	5875
442	6550
443	7032
444	1233
445	8376
446	4542
447	346
448	4087
449	7024
450	698
451	1383
452	159
453	5191
454	7840
455	9301
456	416
457	5626
458	2624
459	782
460	7985
461	6014
462	6155
463	2895
464	8112
465	8330
466	4592
467	5238
468	1095
469	4119
470	9073
471	6126
472	1468
473	4492
474	1695
475	5306
476	3668
477	8287
478	3333
479	5092
480	657
481	9168
482	6454
483	1717
484	8692
485	3460
486	5435
487	2219
488	3959
489	8706
490	5659
491	2526
492	4981
493	810
494	5554
495	6328
496	8764
497	5847
498	9186
499	2146
500	6532
501	8314
502	6679
503	6390
504	8635
505	5934
506	7490
507	216
508	4098
509	4712
510	8895
511	5975
512	6205
513	3298
514	7689
515	8218
516	4149
517	7501
518	2911
519	1212
520	6473
521	2390
522	227
523	2866
524	2397
525	3388
526	6068
527	3777
528	7772
528	9173
529	640
530	7778
531	7961
532	2227
533	7565
534	8414
535	1824
536	6075
537	2953
538	152
539	2767
540	7697
541	7411
542	7529
543	3334
544	1175
545	7687
546	2737
547	724
548	4772
549	6140
550	8002
551	575
552	4791
553	8868
554	2106
555	2659
556	5279
557	101
557	5556
558	2939
559	6774
560	5378
561	7608
562	6069
563	1353
564	7660
565	998
566	4694
567	6870
568	1200
569	1403
569	8604
570	6359
571	8784
572	2583
573	3980
574	550
575	9198
576	6930
577	4218
578	45
578	5848
579	911
580	7167
581	4721
582	2693
583	5593
584	4005
585	1334
586	5430
587	2150
588	8529
589	5507
590	8940
591	2213
592	1957
593	8876
594	3900
595	6229
596	174
597	8070
598	2799
599	1846
600	8400
601	633
601	4540
602	3253
603	3285
604	2016
605	5877
606	815
607	5161
608	7776
609	220
610	4415
611	5932
612	5241
613	2592
614	314
615	1187
616	5311
617	791
618	4097
618	6653
619	1739
620	8717
621	4976
622	7134
623	2494
624	8779
625	5287
626	5787
627	8316
628	7488
629	8695
630	715
631	4440
632	600
633	8463
634	3529
635	2226
636	7727
637	2515
638	5815
639	2661
640	8955
641	528
642	2440
643	6797
644	430
645	2328
646	5637
647	686
647	2442
648	4145
649	1900
650	309
651	1684
652	4094
653	4310
654	7415
655	6857
656	481
657	7925
658	979
659	6803
660	2905
661	6862
662	6573
663	7847
664	394
664	4180
665	2757
666	5775
667	5277
668	879
669	305
670	2050
671	8343
672	5729
673	5697
674	7708
675	2794
676	8733
677	2678
678	6718
679	435
680	6156
681	5209
682	1125
683	8896
684	405
685	8211
686	3470
687	646
688	8452
689	1881
690	8699
691	6262
692	8474
693	2823
694	3271
695	5628
696	3247
697	3164
698	8497
699	451
700	2950
701	3863
702	5675
703	298
703	6926
704	3769
705	1284
706	6556
707	2881
708	5489
709	2076
710	3522
711	6460
712	2765
713	1971
714	631
715	1272
716	5299
717	765
718	7701
719	6533
720	3576
721	14
722	971
722	5710
723	4322
724	3928
724	5375
725	546
726	4926
727	1519
728	53
729	7948
730	8726
731	8045
732	843
733	7157
734	2194
735	4206
736	347
737	8487
738	1639
739	1552
740	5944
741	8240
742	5865
743	1675
744	8729
745	4833
746	6261
747	6646
748	2537
749	4275
750	49
751	9123
752	2458
753	8586
755	7551
756	984
757	8685
758	4292
759	5643
760	6648
761	7288
762	4258
763	1455
763	1634
763	3752
764	716
765	3970
766	3144
767	9252
768	5187
769	9137
770	4828
771	4252
772	8075
773	4754
774	8334
775	9203
776	8546
777	1920
778	1634
778	1996
779	2424
779	4810
780	5080
781	4900
782	4432
783	458
784	2685
785	8787
786	4723
787	4176
788	4875
789	2719
790	616
791	5910
792	5195
793	4575
794	2707
795	6903
796	3562
796	8870
797	8973
798	8608
799	3805
800	4314
801	6730
802	3542
802	5334
803	8200
804	3357
805	985
806	3822
807	5522
808	6130
809	8783
810	4323
811	492
812	4595
813	5068
814	607
815	6108
816	7336
817	1063
818	8311
819	8129
820	3922
821	2236
822	3545
823	8990
824	5598
825	377
826	3054
827	8299
828	3190
829	1734
830	5799
831	2700
832	1421
833	6645
834	3180
834	6724
834	8889
835	1496
836	5837
837	9317
838	8669
839	4877
840	6889
841	3983
842	733
843	4637
844	2030
845	8950
846	6996
847	2520
848	7177
849	9135
850	1599
851	6073
852	1670
853	2282
854	7747
855	5236
856	4254
857	3508
858	6568
859	8430
860	7380
861	8710
862	8514
863	7756
864	4899
865	1006
866	5671
867	4448
868	3597
869	7333
870	4156
870	4839
871	1239
872	6503
873	923
874	1977
874	2675
875	1303
876	6488
877	3136
878	669
879	2293
880	3077
881	1822
882	6293
883	2005
884	5255
885	296
886	8459
887	1995
888	3349
889	1842
890	3210
891	1240
892	5113
893	1708
894	9111
895	4437
896	8434
897	2234
898	8212
899	7302
900	422
900	3214
901	6886
902	2714
903	6947
904	2698
905	3081
906	6217
907	5497
908	2641
909	9265
910	578
911	280
912	4468
913	1799
914	2899
915	3034
916	8740
917	235
918	3122
919	5917
920	1692
921	7345
922	872
923	9133
924	7534
925	4021
926	6492
927	27
928	5761
929	7880
930	2052
931	2666
932	8991
933	3962
934	4189
935	5647
936	2265
937	1621
938	6283
939	232
940	8902
941	8944
942	6594
943	4848
944	2107
945	3205
946	7246
947	2492
948	3110
949	2980
950	6898
951	7512
952	7502
953	4521
954	6791
955	6213
956	4004
957	6643
958	3346
959	5344
960	1376
960	5675
961	3568
962	8684
963	1602
964	1287
965	8041
966	8957
967	6110
968	1017
969	5893
970	723
970	1872
971	6524
972	3466
973	2395
974	4823
975	4813
976	3295
977	4049
978	659
979	1180
980	8461
981	7463
982	6952
983	2894
984	804
985	757
986	1329
987	6331
988	6266
989	2551
990	6736
991	1423
992	6751
993	6922
994	2650
994	8279
995	4617
996	2290
997	7284
998	6574
999	564
1000	2634
1001	3734
1002	5981
1003	8331
1004	4085
1005	2456
1006	9308
1007	864
1008	7068
1009	8187
1010	7850
1011	4121
1012	4571
1013	7723
1014	8855
1015	2538
1016	969
1017	7791
1018	2122
1019	3868
1020	4710
1021	5521
1022	1045
1023	8226
1024	8581
1025	6420
1026	4560
1027	2796
1028	5420
1029	332
1030	7057
1031	8333
1032	3069
1033	7639
1034	8715
1035	175
1036	1933
1037	7976
1038	352
1039	5072
1040	5490
1041	8326
1042	6678
1043	6190
1044	1023
1045	9214
1046	5736
1047	3554
1048	8626
1049	4779
1050	7403
1051	8285
1052	5429
1053	8359
1054	7617
1055	3085
1056	1149
1057	2354
1058	4112
1059	6878
1060	7852
1061	2068
1062	816
1063	8637
1064	4491
1065	6613
1066	5349
1067	3240
1068	7813
1069	2452
1070	4539
1071	2608
1072	8384
1073	1206
1073	4224
1074	261
1074	8849
1075	3683
1076	1386
1077	2781
1078	124
1079	3469
1080	8877
1081	8938
1082	95
1083	5012
1084	2417
1085	8427
1086	2207
1087	7089
1088	7696
1089	5801
1090	5550
1091	3714
1092	5723
1093	3273
1094	469
1095	4336
1096	1935
1096	5000
1096	7705
1097	8915
1098	8321
1099	8025
1100	9286
1101	8222
1102	3471
1102	4387
1103	6567
1104	5353
1105	2288
1106	8119
1107	1400
1108	9129
1109	9166
1110	2820
1111	3165
1112	7330
1113	4702
1114	7337
1115	1714
1115	1808
1116	4161
1117	1854
1118	3661
1119	2883
1119	8118
1120	6647
1121	6006
1122	8421
1123	2359
1124	683
1125	6394
1126	8034
1127	7966
1128	3450
1129	6003
1130	7125
1131	2481
1132	5250
1133	2623
1134	3594
1135	7137
1136	3704
1137	6195
1138	7018
1139	2942
1140	4842
1141	8291
1142	8445
1143	1837
1144	8455
1145	2013
1146	1611
1147	3592
1148	1057
1149	1758
1149	8124
1150	2888
1151	9237
1152	2485
1153	6654
1154	4522
1155	7938
1156	6409
1157	5774
1158	1990
1159	1407
1160	3687
1161	3497
1162	1811
1163	5938
1164	2542
1165	1880
1166	2398
1167	1433
1168	7963
1169	6228
1170	8360
1171	8264
1172	1580
1173	4104
1174	545
1175	6806
1176	6899
1177	4485
1178	8177
1179	5919
1180	185
1181	978
1183	8498
1184	7430
1185	7610
1186	614
1187	6427
1188	5077
1189	213
1190	2360
1191	52
1192	6757
1193	6778
1194	8229
1195	219
1196	4639
1197	2572
1198	1991
1199	6238
1200	5041
1201	569
1202	7029
1203	4803
1204	1401
1205	3815
1206	4277
1207	1072
1208	2999
1209	3812
1210	5281
1211	4047
1212	8277
1213	518
1214	6850
1215	2864
1216	8015
1217	2660
1218	2909
1219	3505
1220	4650
1221	6170
1222	4544
1223	5505
1224	2425
1224	3752
1225	1454
1225	1635
1226	3671
1227	8095
1228	5417
1229	8044
1230	4697
1231	4403
1231	8453
1232	445
1233	4435
1234	1597
1235	267
1235	341
1236	8418
1237	5282
1238	870
1239	5574
1240	7326
1241	890
1242	2131
1243	5739
1244	4923
1245	8318
1246	1523
1247	8924
1248	2127
1249	4800
1250	7753
1251	3789
1252	2731
1253	9115
1254	3318
1255	8011
1256	225
1257	5983
1258	6931
1259	6853
1260	7835
1261	3624
1262	3021
1263	2764
1264	6582
1265	5426
1266	6183
1267	7591
1268	3429
1269	7575
1270	8001
1271	4994
1272	8851
1273	714
1274	3025
1275	2809
1276	5454
1277	4332
1278	8657
1279	1546
1280	4961
1281	3731
1282	7808
1283	263
1284	5608
1285	704
1286	965
1287	6307
1288	7845
1289	7124
1290	3871
1291	390
1292	5849
1293	3103
1294	8892
1295	2337
1296	7117
1297	5289
1298	91
1299	1982
1300	5567
1301	8056
1302	874
1303	5247
1304	9027
1305	3560
1305	8819
1306	2969
1307	4720
1308	3891
1309	3302
1310	5555
1311	3191
1312	9064
1313	3255
1314	3479
1315	7596
1316	8747
1317	4570
1318	4043
1319	8138
1320	5734
1321	207
1322	2603
1323	5706
1324	7730
1325	378
1326	3043
1327	4092
1328	987
1329	3621
1330	4108
1331	3143
1332	1453
1333	9075
1334	7290
1335	584
1336	2116
1337	2045
1338	5201
1339	2155
1340	8536
1341	2783
1342	9093
1343	6604
1344	4901
1345	6745
1346	2829
1347	9310
1348	6992
1349	316
1350	1876
1351	3646
1352	562
1353	1840
1354	2435
1355	29
1356	3883
1357	8806
1358	3784
1359	7703
1360	1382
1360	5004
1361	8356
1362	7143
1363	3474
1364	2562
1365	4348
1366	1548
1367	9030
1368	425
1369	1908
1370	9201
1371	6712
1372	8679
1373	4367
1374	2333
1375	4050
1376	7611
1377	961
1378	5069
1379	7930
1380	7479
1381	5565
1382	450
1383	1361
1383	8132
1384	7435
1385	5478
1386	2048
1387	1077
1388	1572
1389	3961
1390	6272
1391	8435
1392	2251
1393	6118
1394	5404
1395	7035
1396	8108
1397	70
1398	8815
1399	3608
1400	1205
1401	1106
1402	568
1403	5728
1404	5355
1405	4195
1406	1158
1407	4472
1408	2684
1408	5518
1409	3562
1410	6457
1411	3184
1412	2067
1413	1916
1414	106
1415	4170
1416	2221
1417	3158
1418	2239
1419	8912
1420	833
1421	2412
1422	990
1423	6621
1424	7819
1425	360
1426	4733
1427	4906
1428	1474
1429	7939
1430	2156
1431	2713
1432	1166
1433	1643
1434	3046
1435	3282
1436	9109
1437	2951
1438	5657
1439	2149
1440	7170
1441	3476
1442	7983
1443	7577
1444	7964
1445	1550
1446	4483
1447	3491
1448	5578
1449	6989
1450	5519
1451	6207
1452	1333
1453	7207
1454	762
1454	4258
1455	1224
1455	1634
1455	2540
1455	3752
1455	4811
1456	5108
1457	4719
1458	4167
1459	5978
1460	9199
1461	3910
1462	3202
1463	4830
1464	7526
1465	5135
1466	8593
1467	5992
1468	2197
1469	473
1469	4542
1470	4495
1471	5033
1472	5846
1473	4885
1474	7782
1475	1429
1476	4685
1477	4530
1478	8472
1479	6856
1480	6660
1481	3352
1482	7861
1483	8473
1484	5640
1485	3098
1486	7238
1487	7597
1488	1939
1489	5985
1490	7055
1491	24
1492	7901
1493	7168
1494	3288
1495	8244
1496	8415
1497	834
1498	4584
1499	8752
1500	3325
1501	1882
1502	1942
1503	2341
1504	6288
1505	3572
1506	8734
1507	1515
1508	6222
1509	8972
1510	7933
1511	4633
1512	6303
1513	4862
1514	1506
1515	1768
1516	7713
1517	6216
1518	726
1519	4909
1520	7402
1521	7278
1522	1247
1523	6031
1524	3133
1525	3146
1526	4793
1527	6849
1528	3993
1529	4147
1530	3029
1531	3924
1532	6871
1533	4129
1534	8520
1535	6509
1536	3016
1537	2813
1538	5623
1539	8019
1540	5912
1541	4295
1542	6306
1543	3066
1544	8601
1545	6491
1546	6189
1547	1278
1548	7052
1549	1367
1550	7360
1550	9279
1551	1444
1552	5888
1553	738
1554	2921
1555	3792
1556	7836
1557	8525
1558	5110
1559	3842
1560	301
1561	7768
1562	2095
1563	1715
1564	6465
1565	6419
1566	7271
1567	1712
1568	337
1569	6985
1570	4566
1571	8697
1572	4774
1573	1389
1574	4279
1575	6065
1576	7432
1577	2613
1578	8993
1579	5690
1580	7904
1581	1173
1582	1797
1583	4808
1584	2989
1585	3549
1586	5502
1587	6990
1588	7123
1589	2086
1590	5075
1591	3859
1592	3391
1593	2356
1593	4010
1594	6744
1595	4185
1596	1235
1597	5874
1598	851
1599	3622
1600	8832
1601	7828
1602	3120
1603	962
1604	2868
1605	3485
1606	2259
1607	8448
1608	4433
1609	6656
1610	1147
1611	370
1612	3347
1613	8567
1614	7357
1615	6044
1616	3802
1617	4125
1618	6172
1619	2717
1620	936
1621	5288
1622	5272
1623	8709
1624	2186
1625	3139
1626	8736
1627	6015
1628	5717
1629	4477
1630	9037
1631	6210
1632	2643
1633	5147
1634	1224
1634	2540
1634	4811
1635	762
1635	779
1635	1454
1635	3753
1636	6426
1637	2896
1638	739
1639	2378
1640	8471
1641	9117
1642	1432
1643	8998
1644	2183
1645	4315
1646	4846
1647	1663
1648	379
1649	4265
1650	8061
1651	8826
1652	7161
1653	4404
1654	168
1655	8261
1656	4730
1657	2664
1658	6737
1659	5085
1660	2929
1661	5822
1662	1646
1663	73
1664	6585
1665	7443
1666	3062
1667	5051
1668	2637
1669	5315
1670	6187
1671	853
1672	6535
1673	6709
1674	742
1675	5927
1676	5132
1677	8126
1678	3738
1679	5748
1680	2750
1681	5789
1682	6116
1683	8652
1684	2696
1685	650
1686	5008
1687	4096
1688	7251
1689	5026
1690	3071
1691	5118
1692	2752
1693	921
1694	475
1695	7742
1696	6316
1697	8686
1698	3427
1699	7093
1700	3126
1701	5486
1702	2172
1703	61
1704	4272
1705	9084
1706	8894
1707	4887
1708	6368
1709	892
1710	6309
1711	1825
1712	7364
1713	1566
1714	1562
1715	1114
1715	4543
1716	482
1717	4408
1718	7751
1719	7710
1720	8634
1721	5461
1722	4471
1723	6350
1724	4109
1725	5032
1726	3780
1727	3401
1728	4727
1729	3609
1730	8836
1731	4394
1732	2741
1733	4886
1734	5256
1735	828
1736	6459
1737	7858
1738	618
1739	3617
1740	411
1741	4871
1742	4301
1743	3750
1744	7947
1745	5535
1746	1898
1747	3275
1748	7461
1749	8858
1750	6851
1751	9248
1752	7649
1753	5924
1754	6311
1755	5127
1756	8426
1757	6755
1758	3539
1759	1148
1760	8484
1761	3198
1762	5716
1763	6275
1764	5858
1765	3890
1766	9098
1767	7805
1768	6740
1769	1514
1770	6929
1771	3804
1772	4290
1773	9276
1774	5508
1775	3688
1776	8067
1777	5568
1778	8181
1779	2355
1780	8613
1781	3548
1782	4250
1783	4532
1784	4070
1785	6232
1786	7576
1787	2099
1788	1913
1789	8561
1790	9236
1791	9052
1792	6121
1793	8383
1794	5071
1795	6485
1796	1583
1797	7643
1798	912
1799	3447
1800	9132
1801	6199
1802	8583
1803	5510
1804	3730
1805	5374
1806	7487
1807	9099
1808	7375
1809	1114
1810	1163
1811	8845
1812	1907
1813	2463
1814	3790
1815	8629
1816	6572
1817	2956
1818	7263
1819	7684
1820	6600
1821	2886
1822	6630
1823	880
1824	1710
1825	534
1826	7149
1827	5584
1828	7104
1829	6518
1830	3372
1831	9121
1832	8337
1833	8549
1834	4941
1835	1910
1836	1142
1837	6184
1838	4853
1839	6431
1840	1952
1841	1352
1842	6113
1843	888
1844	6824
1845	6716
1846	4648
1847	598
1848	40
1849	4652
1850	3580
1851	6515
1852	4874
1853	3695
1854	3441
1855	1116
1856	7757
1857	3451
1858	2453
1859	4221
1860	6938
1861	5896
1862	8523
1863	2085
1864	3323
1865	6050
1866	1988
1867	8387
1868	5336
1869	7527
1870	80
1871	3778
1872	5660
1873	971
1874	8854
1875	4537
1876	9254
1877	1351
1878	6495
1878	7965
1878	9278
1879	101
1880	688
1881	1164
1882	8871
1883	1500
1884	2020
1885	9086
1886	2990
1887	3889
1888	7210
1889	3375
1890	3244
1891	4138
1892	5652
1893	5330
1894	1994
1895	4864
1896	5721
1897	3755
1898	4562
1899	1747
1900	5753
1901	648
1902	1935
1903	2273
1904	3612
1905	2164
1906	1813
1907	4018
1908	6063
1909	1368
1910	2222
1911	1834
1912	1789
1913	3793
1914	8917
1915	3079
1916	8744
1917	1412
1918	6346
1919	6602
1920	239
1921	776
1922	8564
1923	7818
1924	9042
1925	4451
1926	5577
1927	1940
1928	7744
1929	2285
1930	5784
1931	2381
1932	1037
1933	7226
1934	1097
1934	1903
1934	6033
1935	3658
1936	3463
1937	8713
1938	1489
1939	6087
1940	4406
1941	1926
1942	5693
1943	1503
1944	5020
1945	2523
1946	8995
1947	4498
1948	7825
1949	5533
1950	2676
1951	8983
1952	6511
1953	1841
1954	4248
1955	6191
1956	593
1956	4983
1957	9127
1958	9233
1959	7623
1960	4293
1961	2451
1962	5868
1963	7760
1964	3411
1965	3026
1966	3297
1967	8554
1968	4839
1969	5078
1970	712
1971	8252
1972	4297
1973	330
1974	8335
1975	3995
1976	875
1976	3985
1977	7054
1978	9159
1979	8977
1980	8789
1981	4369
1982	5599
1983	1298
1984	85
1985	265
1986	7921
1987	7264
1988	5207
1989	1867
1990	1199
1991	1159
1992	8809
1993	2785
1994	886
1995	1895
1996	3752
1997	779
1997	4810
1998	366
1999	4995
2000	4955
2001	7621
2002	2115
2003	5823
2004	882
2005	2510
2006	9249
2007	8959
2008	5365
2009	3386
2010	3826
2011	9193
2012	1144
2013	5304
2014	4768
2015	8021
2016	8951
2017	605
2018	4574
2019	9058
2020	5105
2020	5246
2021	1885
2022	4790
2023	7518
2024	289
2025	8282
2026	3756
2027	3340
2028	3168
2029	3292
2030	8585
2031	845
2032	381
2033	4101
2034	8377
2035	2432
2036	5276
2037	2763
2038	3636
2039	5681
2040	4002
2041	3514
2042	8479
2043	8865
2044	1336
2045	2473
2046	8828
2047	8346
2048	7180
2049	1387
2050	6348
2051	671
2052	8276
2053	931
2054	4287
2055	2470
2056	6349
2057	7140
2058	4262
2059	4748
2060	2838
2061	9337
2062	2133
2063	6588
2064	3682
2065	2749
2066	1413
2067	7645
2068	6522
2069	1060
2070	7958
2071	9311
2072	2722
2073	3215
2074	4225
2075	6112
2076	8802
2077	708
2078	9279
2079	344
2079	4664
2080	4678
2081	6882
2082	6041
2083	6957
2084	1862
2085	8014
2086	8882
2087	1588
2088	6153
2089	3032
2089	4961
2090	5283
2091	8834
2092	7550
2093	2296
2093	6495
2093	7485
2093	7965
2093	9278
2094	1563
2094	5272
2095	297
2096	2782
2097	7764
2098	1786
2099	8923
2100	3072
2101	3644
2102	5808
2103	8156
2104	5802
2105	4259
2106	945
2107	555
2108	8798
2109	5265
2110	5948
2111	7644
2112	2964
2113	5672
2114	2003
2115	7872
2116	6619
2117	1337
2118	5464
2119	6531
2120	5543
2121	2703
2122	5731
2123	1019
2124	9336
2125	6777
2126	1249
2127	2947
2128	7262
2129	7862
2130	1243
2130	7155
2130	7370
2130	9027
2131	5825
2132	2063
2133	4227
2134	6664
2135	6094
2136	8820
2137	8943
2138	8852
2139	2743
2140	9155
2141	8786
2142	3632
2143	6209
2144	2751
2145	8004
2146	3083
2147	498
2148	1438
2149	4602
2150	5055
2151	586
2152	6981
2153	7704
2154	1338
2155	9284
2156	2625
2157	1431
2158	3680
2159	8967
2160	4760
2161	2480
2162	8130
2163	4670
2164	7722
2165	1904
2166	7517
2167	3879
2168	8052
2169	2532
2170	5988
2171	9191
2172	3141
2173	1703
2174	2847
2175	8505
2176	400
2177	6607
2178	4223
2179	6917
2180	7620
2181	8711
2182	1645
2183	7297
2184	7700
2185	5169
2186	7949
2187	1625
2188	4809
2189	3831
2190	8639
2191	4925
2192	6822
2193	4460
2194	5438
2195	735
2196	1469
2196	6924
2196	7873
2197	8437
2198	3197
2199	5230
2200	7381
2201	2875
2202	6357
2203	8527
2204	4527
2205	5331
2206	1087
2207	7815
2208	256
2209	9110
2210	4454
2211	4644
2212	590
2213	4305
2214	5
2215	398
2216	60
2217	3303
2218	486
2220	1417
2221	6680
2222	4318
2223	1911
2224	7816
2225	2584
2226	533
2227	634
2228	2343
2229	8447
2230	8886
2231	4832
2232	8483
2233	5298
2234	8310
2235	896
2236	5890
2237	820
2238	1419
2239	7602
2240	6352
2241	7013
2242	5702
2243	7285
2244	3495
2245	3080
2246	4967
2247	6864
2248	4309
2249	7746
2250	1393
2251	7969
2252	5887
2253	4001
2254	4818
2255	4960
2256	8238
2257	6704
2258	1607
2259	171
2260	2483
2261	2299
2262	5402
2263	5133
2264	937
2265	6783
2266	9010
2267	4312
2268	4504
2269	3972
2270	8178
2271	6119
2272	1902
2272	4261
2273	17
2274	5725
2275	8366
2276	324
2277	2768
2278	6892
2279	6863
2280	7001
2281	2857
2282	7506
2283	852
2284	1928
2285	7483
2286	2582
2287	6879
2288	7446
2289	1104
2290	3557
2291	997
2292	878
2293	2487
2294	9005
2295	8026
2296	4628
2297	2092
2298	2260
2299	8037
2300	6133
2301	2682
2302	2915
2303	6510
2304	4479
2305	4363
2306	3065
2307	4787
2308	8153
2309	4269
2310	4213
2311	5475
2312	7171
2313	2900
2314	8641
2315	6490
2316	7740
2317	8816
2318	9022
2319	3982
2320	5368
2321	2710
2322	8048
2323	4069
2324	5786
2325	6320
2326	4446
2327	3262
2328	6384
2329	644
2330	7918
2331	7108
2332	1375
2333	7091
2334	5952
2335	7253
2336	1294
2337	5667
2338	9326
2339	8081
2340	1502
2341	133
2342	2229
2343	2651
2344	5031
2345	7919
2346	7304
2347	165
2348	3585
2349	3518
2350	8068
2351	7673
2352	5557
2353	7273
2354	1778
2355	1056
2356	9242
2357	1592
2358	1122
2359	7873
2360	4632
2361	1191
2362	8336
2363	4905
2364	5516
2365	4795
2366	2406
2367	193
2368	4079
2369	3179
2370	4920
2371	8687
2372	6371
2373	7572
2374	5106
2375	4741
2376	3042
2377	4699
2378	8469
2379	1638
2380	1930
2381	6208
2382	3515
2383	2903
2384	7427
2385	3058
2386	7611
2387	267
2388	4533
2389	7824
2390	397
2391	520
2392	5019
2392	7803
2393	9076
2394	972
2395	2621
2396	525
2397	3207
2398	6443
2399	1167
2400	3905
2401	7934
2402	7155
2403	6194
2404	4095
2405	3951
2406	4946
2407	2367
2408	2972
2409	4452
2410	4469
2411	4388
2412	8785
2413	1420
2414	5123
2415	2758
2416	1085
2417	4837
2418	6136
2419	8101
2420	6617
2421	5760
2421	7834
2422	3493
2423	7625
2424	1225
2424	2541
2425	778
2425	3752
2426	410
2427	4166
2428	327
2429	6873
2430	2576
2431	3897
2432	2525
2433	2034
2434	1355
2435	4330
2436	9288
2437	7421
2438	7543
2439	8476
2440	4636
2441	643
2442	2694
2443	646
2444	2724
2445	5471
2446	2454
2447	3412
2448	5509
2449	5058
2450	1960
2451	4231
2452	1859
2453	1068
2454	8835
2455	2447
2456	2652
2457	1004
2458	3117
2459	753
2460	3181
2461	8632
2462	1812
2463	4233
2464	7612
2465	87
2466	7604
2467	3116
2468	5163
2469	3396
2470	8850
2471	2054
2472	2044
2473	5061
2474	6958
2475	4769
2476	6234
2477	295
2478	3894
2479	6848
2480	1130
2481	2160
2482	2261
2483	8405
2484	1153
2485	8550
2486	2292
2487	6545
2488	4342
2489	4100
2490	3213
2491	290
2492	3109
2493	946
2494	7537
2495	622
2496	7119
2497	6291
2498	3420
2499	3700
2500	262
2501	7160
2502	6846
2503	5130
2504	7711
2505	6770
2506	428
2507	3670
2508	4488
2509	5636
2510	5818
2511	2004
2512	162
2513	8683
2514	636
2515	2754
2516	6665
2517	9077
2518	6895
2519	4993
2520	6086
2521	846
2522	1944
2523	5601
2524	2433
2525	9017
2526	5962
2527	490
2528	4268
2529	7012
2530	6461
2531	25
2532	388
2533	2168
2534	432
2535	4654
2536	749
2537	7296
2538	6780
2539	1014
2540	2425
2541	1454
2541	1635
2542	5233
2543	1165
2544	3435
2545	7693
2546	4687
2547	2786
2548	6912
2549	5536
2550	988
2551	8522
2552	4525
2553	3310
2554	6596
2555	7634
2556	6192
2557	5245
2558	2578
2559	3100
2559	3845
2560	7990
2561	5192
2562	8575
2563	1365
2564	4690
2565	9
2566	4879
2567	9241
2568	6148
2569	8562
2570	8265
2571	8166
2572	7726
2573	1196
2574	6908
2575	5592
2576	6988
2577	2431
2578	8272
2579	2559
2580	8292
2581	7767
2582	573
2583	2287
2584	3003
2585	2224
2586	6811
2587	9101
2588	6323
2589	8682
2590	5907
2591	5442
2592	6176
2593	612
2594	6866
2595	3326
2596	3459
2597	3453
2598	4154
2599	7796
2600	9001
2601	7199
2602	1323
2603	3431
2604	6507
2605	4215
2606	2859
2607	3185
2608	4016
2609	1070
2610	4984
2611	8080
2612	1576
2613	4724
2614	5980
2615	3703
2616	2739
2617	4579
2618	7932
2619	6724
2620	2394
2621	2862
2622	1132
2623	4080
2624	2157
2625	459
2626	9184
2627	240
2628	6292
2629	5399
2630	6661
2631	8294
2632	4608
2633	2965
2634	6361
2635	1001
2636	1669
2637	7277
2638	4667
2639	3916
2640	909
2641	7917
2642	1633
2643	6831
2644	3442
2645	7081
2646	5015
2647	9153
2648	3642
2649	6255
2650	2342
2651	995
2651	5383
2652	5099
2653	2457
2654	5465
2655	3666
2656	7935
2657	8029
2658	554
2659	4162
2660	638
2661	1216
2662	338
2663	8432
2664	5389
2665	1656
2666	5470
2667	930
2668	8841
2669	8369
2670	6093
2671	6721
2672	7624
2673	4807
2674	875
2675	5930
2676	5894
2677	1951
2678	8743
2679	676
2680	6939
2681	9053
2682	5842
2683	2300
2684	785
2685	269
2685	1409
2686	8574
2687	3251
2688	8623
2689	8971
2690	2870
2691	8616
2692	583
2693	5175
2694	6760
2695	2443
2695	6702
2695	8698
2696	8142
2697	1685
2698	7954
2699	905
2700	4093
2701	830
2702	2120
2703	7531
2704	4907
2705	5046
2706	795
2707	5460
2708	5925
2709	2948
2710	7855
2711	2320
2712	1430
2713	5428
2714	4998
2715	903
2716	1618
2717	6444
2718	788
2719	7653
2720	139
2721	8194
2722	3966
2723	2073
2724	325
2725	2445
2726	5712
2727	5937
2728	3795
2729	5625
2730	1253
2731	9134
2732	3690
2733	4398
2734	5452
2735	5064
2736	547
2737	6954
2738	2617
2739	6152
2740	1733
2741	6581
2742	2138
2743	3313
2744	9176
2745	5916
2746	7020
2747	5662
2748	2064
2749	7172
2750	2145
2751	1681
2752	5559
2753	1693
2754	8756
2755	2514
2756	664
2757	6932
2758	4076
2759	2414
2760	3362
2761	6950
2762	2036
2763	4000
2764	713
2765	1262
2766	538
2767	6253
2768	5137
2769	2276
2770	3978
2771	7049
2772	7245
2773	7940
2774	3113
2775	5227
2776	5515
2777	3654
2778	7372
2779	7902
2780	1076
2781	8219
2782	1340
2783	2097
2784	1992
2785	3763
2785	5575
2785	8495
2786	5885
2787	2546
2788	6043
2789	3947
2790	5011
2791	5719
2792	3553
2793	2934
2794	9069
2795	674
2796	258
2797	1026
2798	599
2799	7317
2799	7924
2800	9204
2801	8985
2802	3365
2803	8110
2804	7800
2805	4742
2806	4531
2807	8874
2808	1274
2809	8956
2810	3131
2811	6858
2812	1536
2813	281
2814	3171
2815	7867
2816	5021
2817	4317
2818	9263
2819	4181
2820	4524
2821	1111
2822	692
2823	7069
2824	4380
2825	4053
2826	151
2827	3330
2828	1347
2829	6442
2830	6842
2831	8246
2832	3604
2833	4
2834	4659
2835	2935
2836	8824
2837	5463
2838	4006
2839	2061
2840	6677
2841	7392
2842	31
2843	5726
2844	8530
2845	5186
2846	2175
2847	205
2848	5903
2849	9235
2850	3801
2851	3705
2852	6476
2853	6408
2854	3526
2855	8171
2856	2280
2857	3108
2858	2607
2859	7243
2860	8137
2861	2
2862	6045
2863	2620
2864	5322
2865	1214
2866	7481
2867	522
2868	4351
2869	1605
2870	5337
2871	2691
2872	3001
2873	5354
2874	2200
2875	8790
2876	3477
2876	5335
2876	7476
2877	4494
2878	8278
2879	2882
2880	706
2881	8622
2882	1118
2883	2878
2884	8275
2885	9142
2886	7686
2887	1820
2888	3452
2889	1151
2890	33
2891	8213
2892	8794
2893	6906
2894	462
2895	982
2896	5752
2897	1636
2898	915
2899	6923
2900	6749
2901	2312
2902	2382
2903	8807
2904	661
2905	8237
2906	5074
2907	362
2908	1219
2909	8725
2910	519
2911	82
2912	9177
2913	5558
2914	2303
2915	8769
2916	4838
2917	202
2918	4486
2919	8241
2920	1555
2921	6201
2922	5446
2923	4249
2924	3377
2925	4590
2926	9062
2927	4131
2928	1661
2929	5724
2930	3573
2931	125
2932	8491
2933	7053
2934	2834
2935	2792
2936	7618
2937	4974
2938	559
2939	3773
2940	7957
2941	9246
2942	3264
2943	1138
2944	6869
2945	3615
2946	2126
2947	8920
2948	7195
2949	2708
2950	1436
2951	701
2952	536
2953	9156
2954	7291
2955	5158
2956	7996
2957	1816
2958	6305
2959	2988
2960	4152
2961	4888
2962	8466
2963	6021
2964	2632
2965	2113
2966	8179
2967	6650
2968	1307
2969	4245
2970	3664
2971	7931
2972	5698
2973	2409
2974	3717
2975	6845
2976	3783
2977	2998
2977	7741
2978	9095
2979	8115
2980	5082
2981	948
2982	4705
2983	4067
2984	4929
2985	329
2986	3499
2987	7269
2988	1585
2989	2958
2990	9009
2991	1887
2992	7159
2993	158
2994	8750
2995	234
2996	7244
2997	4264
2998	1209
2999	2976
3000	2873
3001	5468
3002	2585
3003	5979
3004	4368
3005	6729
3006	9024
3007	8386
3008	3745
3009	4739
3010	4418
3011	4040
3012	5940
3013	4422
3014	7975
3015	7927
3016	5572
3017	1537
3018	9082
3019	7186
3020	1263
3021	7716
3022	9213
3023	6955
3024	1275
3025	7313
3026	7023
3027	1964
3028	1531
3029	5595
3030	6555
3031	5285
3032	6453
3033	2088
3034	5436
3035	914
3036	8143
3037	8239
3038	7414
3039	4373
3040	6562
3041	8393
3042	1327
3043	2377
3044	7674
3044	7866
3045	4065
3046	5494
3047	1435
3048	204
3049	5431
3050	5198
3051	4152
3052	6449
3053	6915
3054	6230
3055	827
3056	3672
3057	7552
3058	5800
3059	2384
3060	8141
3061	6785
3062	89
3063	1667
3064	2307
3065	6782
3066	3188
3067	1542
3068	1033
3069	3846
3070	1691
3071	8242
3072	6052
3073	2101
3074	5498
3075	4944
3076	881
3077	5416
3078	1914
3079	3409
3080	904
3081	2244
3082	2147
3083	3212
3084	1054
3085	9190
3086	7033
3087	5153
3088	5579
3089	8235
3090	6779
3090	7692
3090	8906
3091	7657
3092	6502
3093	4397
3094	5294
3095	179
3096	5926
3097	8066
3098	8300
3099	1484
3100	4709
3101	2558
3102	1292
3103	3588
3104	6984
3105	4496
3106	4321
3107	3166
3108	2493
3109	2856
3110	7303
3111	949
3112	2775
3113	8339
3114	5217
3115	3462
3116	2459
3117	2466
3118	231
3119	3725
3120	8707
3121	1603
3122	9164
3123	919
3124	7008
3125	8551
3126	3527
3127	1701
3128	7651
3129	6315
3130	2811
3131	9125
3132	1525
3133	7637
3134	3211
3135	4972
3136	8856
3137	876
3138	1624
3139	7454
3140	2173
3141	6078
3142	1330
3143	7322
3144	6411
3145	767
3146	7658
3147	1524
3148	6432
3149	5798
3150	4767
3151	4236
3152	6778
3152	9054
3153	44
3154	142
3155	145
3156	8470
3157	4686
3158	9220
3159	1416
3160	8519
3161	6471
3162	8587
3163	9028
3164	1110
3165	696
3166	9112
3167	3106
3168	8904
3169	2029
3170	2815
3171	3771
3172	4759
3173	5240
3174	6030
3175	7732
3176	3838
3177	3869
3178	2368
3179	6497
3180	2461
3181	835
3182	8413
3183	57
3184	2606
3185	1410
3186	5244
3187	8172
3188	4400
3189	3067
3190	1310
3191	829
3192	3506
3193	8162
3194	9088
3195	7580
3196	2199
3197	3827
3198	7101
3199	1760
3200	206
3201	4599
3202	5088
3203	1463
3204	944
3205	7240
3206	2396
3207	3259
3208	7145
3209	5525
3210	3135
3211	891
3212	2491
3213	3082
3214	2072
3215	901
3215	6735
3216	5873
3217	5220
3218	6563
3219	8606
3220	5373
3221	8984
3222	6598
3223	8732
3224	7765
3225	8023
3226	6622
3227	5043
3228	5682
3229	3987
3230	6764
3231	5143
3232	8921
3233	8202
3234	5477
3235	7146
3236	4184
3237	8271
3238	3445
3239	7593
3240	9185
3241	1066
3242	331
3243	7841
3244	5254
3245	1891
3246	697
3247	8234
3248	8353
3249	8591
3250	2686
3251	8233
3252	603
3253	3381
3254	1312
3255	9008
3256	9094
3257	6401
3258	3206
3259	5410
3260	5745
3261	9136
3262	7410
3263	2326
3264	8039
3265	2943
3266	5059
3267	3301
3268	9083
3269	333
3270	695
3271	6685
3272	1092
3273	5974
3274	1746
3275	3775
3276	7981
3277	6386
3278	4127
3279	4350
3280	7164
3281	5743
3282	8017
3283	1434
3284	602
3285	3994
3286	7163
3287	8076
3288	4732
3289	1495
3290	4999
3291	3373
3292	3807
3293	2028
3294	977
3295	3504
3296	1967
3297	5221
3298	6274
3299	512
3300	3266
3301	6708
3302	2216
3303	1308
3304	4552
3305	6180
3306	7075
3307	8580
3308	9158
3309	4947
3310	3565
3311	2552
3312	2742
3313	8839
3314	8901
3315	365
3316	6773
3317	4507
3318	36
3319	1255
3320	4303
3321	7992
3322	1865
3323	7248
3324	1501
3325	5513
3326	4876
3327	2594
3328	8091
3329	6312
3330	8322
3331	2826
3332	479
3333	6901
3334	6054
3335	542
3336	8528
3337	4107
3338	4975
3338	9239
3339	184
3340	8553
3341	2026
3342	4977
3343	6801
3344	6500
3345	4729
3346	1613
3347	959
3348	889
3349	7574
3350	6160
3351	4703
3352	3718
3353	1480
3354	283
3355	3422
3356	805
3357	9174
3358	5049
3359	5814
3360	6512
3361	4952
3362	7039
3363	2761
3364	2803
3365	427
3366	4615
3367	5366
3368	5408
3369	5968
3370	6975
3371	9128
3372	3290
3373	1831
3374	1888
3375	4022
3376	2925
3377	3973
3378	5860
3379	6281
3380	3252
3381	5109
3382	6593
3383	7258
3384	5853
3385	4379
3386	6887
3387	2008
3388	8296
3389	524
3390	1593
3391	5359
3392	134
3393	5624
3394	7792
3395	8297
3396	7412
3397	2468
3398	6970
3399	4393
3400	1726
3401	3766
3402	5343
3403	8018
3404	4222
3405	5284
3406	7754
3407	3944
3408	3078
3409	6226
3410	1965
3411	5405
3412	401
3413	2446
3414	170
3415	8619
3416	6478
3417	7714
3418	7560
3419	4276
3420	354
3421	2499
3422	7419
3423	3354
3424	4690
3424	7293
3425	4489
3425	9243
3426	1699
3427	349
3428	1269
3429	7728
3430	2602
3431	8396
3432	6557
3433	5765
3434	2545
3435	4782
3436	4490
3437	6011
3438	5891
3439	7343
3440	1855
3441	8987
3442	9131
3443	2645
3444	3239
3445	4518
3446	1798
3447	6754
3448	5384
3449	9078
3450	1856
3451	337
3451	1129
3452	2596
3453	2889
3454	4429
3455	6297
3456	4845
3457	7540
3458	2597
3459	6259
3460	8900
3461	484
3462	1937
3463	3114
3464	4917
3465	7998
3466	5101
3467	973
3468	1078
3469	5327
3470	1103
3471	687
3472	3848
3473	9012
3474	6070
3475	1362
3476	2877
3476	8443
3477	1440
3478	1315
3479	8340
3480	3482
3481	5892
3482	9080
3483	3481
3484	1604
3485	7028
3486	5713
3487	4581
3488	5821
3489	7960
3490	1446
3491	5563
3492	2423
3493	5094
3494	2245
3495	8168
3496	1160
3497	7758
3498	2987
3499	6310
3500	120
3501	6865
3502	4124
3503	6438
3504	1218
3505	3294
3506	335
3507	3193
3508	4164
3509	856
3510	4784
3511	8558
3512	3662
3513	4366
3514	2383
3515	2040
3516	209
3517	3533
3517	7837
3518	3544
3519	2348
3520	3862
3521	5271
3522	4847
3523	711
3524	5553
3525	4039
3526	3127
3527	2855
3528	635
3529	92
3530	7011
3531	5044
3532	3516
3533	4601
3534	6847
3535	6027
3536	4968
3537	7472
3538	1759
3539	4088
3539	8148
3540	7450
3541	4425
3542	6077
3543	803
3544	823
3545	3519
3546	8243
3547	5826
3548	1584
3549	1780
3550	4338
3551	8163
3552	2793
3553	8873
3554	4749
3555	1046
3556	2291
3557	9065
3558	7681
3559	4217
3560	7135
3561	1304
3562	5190
3563	797
3563	1408
3563	7578
3564	3311
3565	4478
3566	6655
3567	5382
3568	6715
3569	960
3570	4557
3571	4778
3572	2931
3573	1504
3574	8960
3575	4753
3576	5838
3577	721
3578	3943
3579	8493
3580	7891
3581	1851
3582	4487
3583	8648
3584	2349
3585	4684
3586	4343
3587	8755
3588	7578
3589	3102
3590	6565
3591	278
3592	7458
3593	1146
3594	5718
3595	1135
3596	869
3597	8647
3598	6036
3599	6836
3600	6688
3601	4135
3602	8939
3603	6714
3604	7323
3605	2833
3606	4672
3607	9208
3608	1728
3609	1398
3610	4343
3610	8203
3611	4744
3612	7194
3613	1905
3614	2944
3615	7339
3616	1738
3617	37
3618	7409
3619	59
3620	1328
3621	6060
3622	8748
3623	1598
3624	5394
3625	1260
3626	7839
3627	3674
3628	7566
3629	6008
3630	6165
3631	5215
3632	6084
3633	2143
3634	7197
3635	5434
3636	3968
3637	2039
3638	4520
3639	8602
3640	6765
3641	7573
3642	4675
3643	2649
3644	8864
3645	2100
3646	7798
3647	1350
3648	5332
3649	6285
3650	5357
3651	7629
3652	7788
3653	5920
3654	4335
3655	2776
3656	8284
3657	4378
3658	9189
3659	1934
3660	1119
3661	6752
3662	3684
3663	3513
3664	7469
3665	2971
3666	7063
3667	2654
3668	4598
3669	477
3670	1227
3671	2506
3672	5261
3673	3057
3674	7342
3675	3626
3676	5379
3677	6142
3678	391
3679	8568
3680	404
3681	2159
3682	1074
3683	2065
3684	7217
3685	3663
3686	1161
3687	8821
3688	5828
3689	1774
3690	6237
3691	2733
3692	4300
3693	5474
3694	1852
3695	7378
3696	4817
3697	4024
3698	4059
3699	74
3700	3721
3701	2498
3702	2614
3703	5811
3704	2850
3705	1137
3706	5216
3707	6138
3708	8670
3709	7584
3710	127
3711	3939
3712	8055
3713	413
3714	6697
3715	1090
3716	2975
3717	6833
3718	5897
3719	3353
3720	3701
3721	7511
3722	8869
3723	4133
3724	3118
3725	4465
3726	6634
3727	7138
3728	8368
3729	6584
3730	1280
3731	1805
3732	5622
3733	3940
3734	6997
3735	1000
3736	6750
3737	5648
3738	7987
3739	1679
3740	6260
3741	6326
3742	8535
3743	7464
3744	3009
3745	5589
3746	5100
3747	4386
3747	8509
3748	8236
3749	6360
3750	4304
3751	1742
3752	1634
3753	762
3753	1225
3753	1454
3753	1997
3753	2424
3754	1896
3755	8899
3756	7059
3757	2027
3758	8046
3759	4410
3760	6537
3761	4814
3762	2784
3762	7997
3763	4284
3764	12
3765	7669
3766	4204
3767	3400
3768	705
3769	6670
3770	3170
3771	5173
3772	2938
3773	3856
3774	3274
3775	3930
3776	526
3777	6916
3778	6636
3779	1870
3780	7325
3781	1727
3782	2977
3783	5262
3784	8084
3785	1359
3786	6841
3787	4788
3788	1250
3789	6174
3790	7348
3791	1815
3792	1912
3793	1554
3794	2729
3795	6299
3796	6684
3797	3918
3798	8000
3799	4344
3800	2851
3801	7542
3802	6425
3803	1617
3804	798
3805	1770
3806	3293
3807	5412
3808	5178
3809	4306
3810	8966
3811	5881
3812	5197
3813	1208
3814	1204
3815	4798
3816	4681
3817	8693
3818	4186
3819	5174
3820	6353
3821	20
3822	4889
3823	807
3824	7956
3825	382
3826	3196
3827	2011
3828	434
3829	6351
3830	2188
3831	6367
3832	8545
3833	8700
3834	5481
3835	7770
3836	4812
3837	5986
3838	9194
3839	3177
3840	4512
3841	3898
3842	5751
3843	1558
3844	2558
3845	5780
3846	5325
3847	3068
3848	7706
3849	3473
3850	308
3851	7317
3852	5779
3853	7630
3854	8456
3855	9251
3856	4208
3857	3772
3858	1590
3859	5295
3860	7209
3861	5797
3862	700
3863	3521
3864	5564
3865	6699
3866	6204
3867	9015
3868	3176
3869	1018
3870	1291
3871	4220
3872	6336
3873	4088
3874	5715
3875	5680
3876	144
3877	6830
3878	2166
3879	6470
3880	5871
3881	7731
3882	1357
3883	6479
3884	7642
3885	4626
3886	5488
3887	4863
3888	1886
3889	4255
3890	1309
3891	1764
3892	4691
3893	7545
3894	6894
3895	2479
3896	2430
3897	5813
3898	191
3899	3840
3900	8847
3901	595
3902	6017
3903	7559
3904	2401
3905	7228
3906	6024
3907	8777
3908	4030
3909	6723
3910	7702
3911	1460
3912	8263
3913	5047
3914	7433
3915	7715
3916	4160
3917	2638
3918	5239
3919	3796
3920	4576
3921	4890
3922	4554
3923	821
3924	5520
3925	1530
3926	8721
3927	5226
3928	5824
3929	725
3930	4474
3931	3774
3932	5039
3933	7362
3934	5514
3935	7738
3936	5345
3937	4503
3938	3710
3939	5668
3940	6914
3941	3732
3942	3579
3943	7113
3944	8407
3945	3406
3946	2788
3947	8003
3948	4470
3949	8290
3950	2404
3951	6273
3952	5963
3953	7147
3954	6794
3955	5977
3956	5002
3957	7514
3958	489
3959	5025
3960	1388
3961	6114
3962	8164
3963	932
3964	7175
3965	5529
3966	7151
3967	2723
3968	7383
3969	3637
3970	4829
3971	764
3972	3376
3973	2268
3974	6169
3975	7121
3976	8830
3977	5664
3978	56
3979	2771
3980	7986
3981	572
3982	840
3983	2318
3984	1977
3985	5674
3986	3228
3987	5506
3988	5999
3989	6061
3990	6244
3991	5136
3992	1529
3993	4052
3994	1974
3995	3284
3996	286
3997	5967
3998	4766
3999	7571
4000	2252
4001	2762
4002	6378
4003	2041
4004	585
4005	957
4006	5444
4007	2839
4008	6100
4009	9298
4010	4036
4011	1592
4012	8274
4013	6525
4014	4320
4015	7830
4016	6852
4017	2609
4018	4117
4019	1906
4020	924
4021	8051
4022	6759
4023	3374
4024	8109
4025	3696
4026	4663
4027	5362
4028	4457
4029	7854
4030	5836
4031	3909
4032	4827
4033	5778
4034	8389
4035	4564
4036	7965
4037	4011
4038	3524
4039	4551
4040	6812
4041	3010
4042	1319
4043	7272
4044	7622
4045	4182
4046	1210
4047	5146
4048	976
4049	8161
4050	4919
4051	1374
4052	2824
4053	3992
4054	4951
4055	5045
4056	7179
4057	9036
4058	3699
4059	6495
4059	7485
4059	7965
4059	8190
4059	9253
4059	9278
4060	6579
4061	8391
4062	4357
4063	7712
4064	3044
4065	323
4066	2982
4067	7777
4068	2322
4069	5208
4070	6717
4071	1785
4072	4235
4073	5297
4074	8538
4075	6560
4076	4878
4077	2759
4078	2369
4079	5029
4080	7004
4081	2622
4082	8305
4083	7201
4084	1005
4085	4403
4086	449
4087	5333
4088	4711
4089	3538
4089	3872
4090	9206
4091	4884
4092	2701
4093	1326
4094	2405
4095	653
4096	619
4096	7198
4097	1686
4098	5677
4099	509
4100	2032
4101	2488
4102	9202
4103	6161
4104	9282
4105	1172
4106	3336
4107	5955
4108	1725
4109	1331
4110	5495
4111	441
4112	8397
4113	1059
4114	6578
4115	4177
4116	4019
4117	8146
4118	468
4119	6332
4120	1010
4121	7367
4122	5423
4123	6111
4124	1616
4125	3503
4126	3279
4127	264
4128	1532
4129	4193
4130	2926
4131	7900
4132	3722
4133	7249
4134	3600
4135	8555
4136	6881
4137	223
4138	4645
4139	1890
4140	7040
4141	6614
4142	8833
4143	9119
4144	649
4145	7690
4146	1528
4147	4736
4148	517
4149	4855
4150	4603
4151	9085
4152	5040
4153	2961
4153	3050
4154	4971
4155	2599
4156	90
4156	7898
4157	871
4158	8986
4159	5899
4160	1117
4161	3917
4162	132
4163	2658
4164	8182
4165	3509
4166	1459
4167	2426
4168	9299
4169	7555
4170	6884
4171	1414
4172	5763
4173	6937
4174	8362
4175	5139
4176	4114
4177	786
4178	6640
4179	112
4180	2818
4181	665
4181	8280
4182	5403
4183	4044
4184	1594
4185	3237
4186	6258
4187	3819
4188	935
4189	6919
4190	178
4191	5566
4192	4128
4193	6023
4194	1404
4195	6701
4196	7562
4197	6464
4198	7541
4199	7232
4200	5180
4201	8485
4202	5360
4203	9283
4204	260
4205	3767
4206	9113
4207	734
4208	7724
4209	3857
4210	6064
4211	8978
4212	2311
4213	7628
4214	2604
4215	5451
4216	3558
4217	8063
4218	6558
4219	576
4220	1858
4221	3870
4222	2179
4223	3405
4224	2075
4225	1072
4225	6693
4226	2132
4227	6482
4228	8800
4229	8727
4230	2450
4231	9196
4232	2462
4233	5307
4234	4073
4235	9328
4236	6151
4237	3150
4238	7915
4239	7750
4240	5305
4241	6681
4242	6092
4243	7736
4244	2968
4245	4316
4246	7955
4247	6009
4248	2922
4249	1955
4250	9291
4251	1783
4252	9289
4253	770
4254	3888
4255	857
4256	6925
4257	6089
4258	2104
4259	763
4259	1455
4260	2273
4261	7579
4262	4606
4263	2059
4264	1648
4265	2996
4266	7439
4267	4786
4268	2308
4269	2529
4270	5898
4271	4973
4272	105
4273	1705
4274	748
4275	5016
4276	1207
4277	3418
4278	1575
4279	4695
4280	7973
4281	5957
4282	8214
4283	6025
4284	5956
4285	3762
4286	2055
4287	8215
4288	4444
4289	6251
4290	8510
4291	1773
4292	1961
4293	759
4294	1540
4295	6738
4296	1973
4297	4356
4298	8123
4299	7328
4300	1743
4301	3693
4302	3321
4303	7484
4304	2212
4305	3751
4306	6951
4307	3808
4308	2249
4309	5138
4310	5164
4311	652
4312	5083
4313	2266
4314	1644
4315	801
4316	2816
4317	4244
4318	7154
4319	2223
4320	3107
4321	4015
4322	811
4323	722
4324	8401
4325	5223
4326	5633
4327	8667
4328	5810
4329	4586
4330	7222
4331	2434
4332	5437
4333	1276
4334	3655
4335	8666
4336	8301
4337	1094
4338	387
4339	3551
4340	7208
4341	6792
4341	8579
4342	3587
4342	3611
4343	2489
4344	6834
4345	3798
4346	4641
4347	4996
4348	4882
4349	1364
4350	2869
4351	3278
4352	5052
4353	6542
4353	7603
4354	6551
4355	6527
4356	4063
4357	4296
4358	7547
4359	4445
4360	9264
4361	5966
4362	2304
4363	7905
4364	6145
4365	8074
4366	1372
4367	3512
4368	1980
4369	3005
4370	6356
4371	7926
4372	3038
4373	6823
4374	6481
4375	39
4376	143
4377	5741
4378	3384
4379	3656
4380	8588
4381	2825
4382	9162
4383	6946
4384	7166
4385	4609
4386	1103
4386	5019
4386	6153
4387	3746
4387	7508
4388	71
4389	2410
4390	8512
4391	8718
4392	3398
4393	9268
4394	266
4395	1730
4396	3092
4397	8831
4398	236
4399	2732
4400	9273
4401	3189
4402	1230
4402	4084
4403	4860
4404	6540
4405	1652
4406	48
4407	1941
4408	6139
4409	1716
4410	6720
4411	3758
4412	8105
4413	6302
4414	611
4415	4934
4416	6993
4417	8036
4418	6294
4419	3011
4420	7452
4421	5738
4422	6010
4423	3012
4424	3540
4425	6840
4426	6601
4427	7605
4428	3455
4429	5211
4430	7105
4431	5171
4432	1609
4433	783
4434	1232
4435	8404
4436	894
4437	8556
4438	7418
4439	5459
4440	339
4441	630
4442	8735
4443	4852
4444	4358
4445	4289
4446	7897
4447	2327
4448	5612
4449	866
4450	1924
4451	7556
4452	5264
4453	2408
4454	4816
4455	2211
4456	4029
4457	5193
4458	5456
4459	8465
4460	96
4461	2192
4462	9034
4463	7094
4464	3724
4465	8475
4466	5151
4467	6441
4468	2411
4469	913
4470	1723
4471	3949
4472	6088
4473	1406
4474	5989
4475	3931
4476	1628
4477	8344
4478	2305
4479	3564
4480	6529
4481	8332
4482	1447
4483	6339
4484	1176
4485	4928
4486	3583
4487	2919
4488	3424
4488	6135
4489	2509
4490	1065
4490	7475
4491	3437
4492	8206
4493	472
4494	1471
4495	2876
4496	6354
4497	3104
4498	8691
4499	1946
4500	5120
4501	4572
4502	3936
4503	4540
4503	6308
4504	7759
4505	2269
4506	3316
4507	7892
4508	9169
4509	8557
4510	8922
4511	6416
4512	38
4513	3841
4514	8050
4515	6467
4516	5350
4517	5090
4518	6623
4519	3444
4520	952
4521	3639
4522	8227
4523	1155
4524	2553
4525	2821
4526	2205
4527	6576
4528	6625
4529	6206
4530	2807
4531	1476
4532	2389
4533	1782
4534	8454
4535	4869
4536	1874
4537	4614
4538	1071
4539	7707
4540	8604
4541	600
4541	4502
4541	5766
4542	1714
4543	202
4543	447
4543	1468
4544	4963
4545	1223
4546	7909
4547	5773
4548	8722
4549	4912
4550	4038
4551	6241
4552	4938
4553	3305
4554	8689
4555	3923
4556	3571
4557	8910
4558	8989
4559	8012
4560	4657
4561	1027
4562	5351
4563	1899
4563	5382
4564	5617
4565	4034
4565	8711
4566	389
4567	1571
4568	6035
4569	8531
4570	1013
4571	1316
4572	8761
4573	4500
4574	792
4575	2019
4576	4625
4577	3921
4578	2616
4579	6256
4580	3486
4581	7393
4582	6516
4583	8598
4584	6706
4585	1499
4586	6436
4587	4328
4588	7635
4589	6338
4590	9007
4591	2924
4592	5749
4593	467
4594	813
4595	9147
4596	117
4597	153
4598	3200
4599	3669
4600	3532
4601	279
4602	4151
4603	2148
4604	7132
4605	310
4606	6638
4607	4263
4608	4384
4609	2633
4610	6279
4611	6002
4612	8814
4613	357
4614	3367
4615	4536
4616	994
4617	5377
4618	7568
4619	5500
4620	6589
4621	5104
4622	51
4623	5970
4624	4577
4625	6945
4626	5218
4627	3884
4628	5523
4629	2297
4630	315
4631	8458
4632	1510
4633	2361
4634	5188
4635	4969
4636	842
4637	2441
4638	1197
4639	7320
4640	4347
4641	9145
4642	7494
4643	7030
4644	4139
4645	2210
4646	6447
4647	6913
4648	7984
4649	1847
4650	8533
4651	1221
4652	8304
4653	1848
4654	8627
4655	2534
4656	4561
4657	307
4658	2835
4659	9097
4660	6603
4661	7878
4662	4027
4663	6967
4664	7266
4665	2078
4665	8425
4666	2639
4667	7626
4668	5757
4669	4785
4670	8207
4671	2162
4672	8494
4673	3607
4674	3643
4675	4918
4676	6986
4677	9258
4678	7090
4679	2081
4680	3817
4681	6501
4682	5863
4683	6835
4684	1477
4685	3584
4686	2547
4687	3156
4688	6418
4689	6597
4690	3893
4691	2565
4691	3425
4692	6493
4693	9272
4694	4278
4695	567
4696	1231
4697	9275
4698	2376
4699	8848
4700	6611
4701	5107
4702	3350
4703	1112
4704	2983
4705	5541
4706	7205
4707	8354
4708	3101
4709	18
4710	4089
4711	1021
4712	6277
4713	508
4714	6496
4715	5851
4716	5906
4717	8681
4717	9053
4718	1456
4719	304
4720	580
4721	1306
4722	787
4723	8702
4724	8584
4725	2612
4726	1729
4727	8221
4728	3344
4729	5466
4730	7920
4731	1657
4732	1427
4733	3289
4734	5003
4735	4856
4736	8822
4737	4146
4738	3008
4739	8513
4740	2374
4741	5861
4742	7868
4743	2804
4744	7783
4745	3610
4746	7122
4747	7074
4748	3555
4749	2058
4750	7665
4751	5862
4752	3574
4753	5313
4754	9116
4755	772
4756	4940
4757	7888
4758	3173
4759	194
4760	8189
4761	2161
4762	6658
4763	5770
4764	375
4765	137
4766	3151
4767	3999
4768	2474
4769	2015
4770	328
4771	7516
4772	353
4773	549
4774	109
4775	1573
4776	6225
4777	7041
4778	1048
4779	3570
4780	7599
4781	8270
4782	6940
4783	3434
4783	6256
4784	4668
4785	3511
4786	2306
4787	4266
4788	6391
4789	3786
4790	553
4791	2023
4792	1527
4793	7120
4794	2364
4795	6768
4796	8540
4797	9320
4798	7717
4799	3814
4800	7191
4801	1248
4802	1202
4803	6290
4804	8065
4805	5950
4806	2672
4807	6505
4808	2189
4809	1582
4810	1454
4810	1635
4811	778
4811	1996
4812	974
4813	3837
4814	8772
4815	3760
4816	3697
4817	4455
4818	147
4819	2255
4820	7092
4821	9056
4822	975
4823	5788
4824	8185
4825	6462
4826	4033
4827	8605
4828	3971
4829	771
4830	6429
4831	1462
4832	744
4833	2230
4834	423
4835	5005
4836	2416
4837	97
4838	871
4838	1969
4839	2917
4840	7116
4841	7995
4842	5320
4843	1141
4844	3457
4845	8572
4846	3523
4847	1647
4848	7031
4849	942
4850	7139
4851	8467
4852	1839
4853	4442
4854	4148
4855	5472
4856	8504
4857	4734
4858	9020
4859	5122
4860	6096
4861	4402
4862	3886
4863	1512
4864	7582
4865	1894
4866	4979
4867	5449
4868	4534
4869	7369
4870	1740
4871	9181
4872	5641
4873	8793
4874	789
4875	1853
4876	838
4877	3327
4878	2567
4879	4077
4880	6109
4881	8089
4882	8931
4883	4349
4884	1472
4885	4090
4886	1706
4887	1732
4888	3823
4889	2960
4889	6494
4890	6795
4891	3920
4892	8611
4893	8223
4894	6347
4895	5762
4896	6788
4897	6936
4898	865
4899	6854
4900	1345
4901	780
4902	5646
4903	6671
4904	2362
4905	6200
4906	2705
4907	1426
4908	1518
4909	8515
4910	7811
4911	6722
4912	146
4913	4548
4914	9250
4915	7766
4916	3465
4917	6137
4918	4051
4919	4674
4920	6196
4921	2371
4922	1245
4923	5098
4924	2190
4925	8842
4926	5678
4927	727
4928	2985
4929	4484
4930	7312
4931	7315
4932	5206
4933	5117
4934	7038
4935	4414
4936	8615
4937	7641
4938	5275
4939	4553
4940	1835
4941	4757
4942	6458
4943	8964
4944	8649
4945	3074
4946	3308
4947	2407
4948	7856
4949	6372
4950	4055
4951	251
4952	5267
4953	3360
4954	2001
4955	7327
4956	5694
4957	9029
4958	7859
4959	364
4960	1281
4960	2088
4961	2254
4962	4545
4963	6181
4964	196
4965	5982
4966	2247
4967	7779
4968	4634
4969	3537
4970	4155
4971	5886
4972	4270
4973	3134
4974	3339
4975	2936
4976	3343
4977	620
4978	4867
4979	6047
4980	493
4981	259
4982	1957
4983	402
4984	7718
4985	2611
4986	8953
4987	6983
4988	6559
4989	9038
4990	5560
4991	7080
4992	2518
4992	8310
4993	5639
4994	1998
4995	1270
4996	8079
4997	4346
4998	3291
4999	2715
5000	6058
5001	1097
5002	4735
5003	3957
5004	4834
5005	1361
5006	6424
5007	6175
5008	5170
5009	1687
5009	5767
5010	2791
5011	9033
5012	9232
5013	1082
5014	2647
5015	7212
5016	6910
5017	4274
5018	2393
5018	4387
5019	8417
5020	2817
5021	1945
5022	7842
5023	7436
5024	3958
5025	7720
5026	6486
5027	1688
5028	4078
5029	5701
5030	2345
5031	8889
5032	1470
5033	1724
5034	6115
5035	9150
5036	7680
5037	6577
5038	3933
5039	8352
5040	1201
5041	4153
5042	3226
5043	6570
5044	4054
5045	3530
5046	3912
5047	2704
5048	3359
5049	5635
5050	1666
5051	62
5052	7678
5053	4353
5054	2151
5055	6430
5056	8439
5057	7533
5058	3267
5059	2448
5060	2472
5061	5532
5062	5740
5063	7999
5064	361
5065	2734
5066	7021
5067	8621
5068	1379
5069	812
5070	1795
5071	7460
5072	8428
5073	1038
5074	1591
5075	2907
5076	1189
5077	5547
5078	6837
5079	1968
5080	5606
5081	781
5082	4313
5083	2981
5084	1658
5085	9091
5086	7237
5087	8974
5088	126
5089	3203
5090	6907
5091	4516
5092	6569
5093	478
5094	5651
5095	3492
5096	8059
5097	7884
5098	2653
5099	4922
5100	3467
5101	3747
5101	6703
5102	7416
5103	7340
5104	2021
5104	5180
5105	4620
5106	4700
5107	2375
5108	3380
5109	1457
5110	7234
5111	1559
5112	893
5113	5503
5114	5203
5115	9170
5116	4932
5117	8838
5118	5407
5119	1690
5120	5424
5121	4501
5122	2415
5123	4858
5124	5602
5125	7509
5126	1754
5127	8256
5128	65
5129	249
5130	8934
5131	2502
5132	2262
5133	1677
5134	1464
5135	6810
5136	2769
5137	3990
5138	4174
5139	4308
5140	8680
5141	7152
5142	3230
5143	8678
5144	5654
5145	6941
5146	1632
5147	4046
5148	8266
5149	9019
5150	4467
5151	291
5152	3086
5153	8571
5154	7899
5155	6398
5156	5756
5157	7386
5158	6552
5159	2954
5160	606
5161	9089
5162	2469
5163	371
5164	5396
5165	4311
5166	5685
5167	8897
5168	2184
5169	5321
5170	4430
5171	5009
5172	3770
5173	8131
5174	2692
5175	3818
5176	7200
5177	8198
5178	8937
5179	3809
5180	6608
5181	4201
5181	5105
5182	7771
5183	6526
5184	8307
5185	7648
5186	769
5187	2844
5188	7489
5189	4635
5190	452
5191	3563
5192	4456
5193	2560
5194	793
5195	8714
5196	3813
5197	9234
5198	101
5199	3051
5199	6494
5200	1339
5201	130
5202	5115
5203	5843
5204	8431
5205	5971
5206	1989
5207	4933
5208	680
5209	4068
5210	4428
5211	116
5212	9239
5213	6215
5214	3630
5215	8746
5216	3115
5217	3707
5218	5830
5219	4627
5219	9278
5220	3296
5221	3216
5222	4324
5223	5473
5224	7895
5225	5492
5226	2774
5227	3926
5228	7204
5229	8268
5230	8104
5231	2198
5232	2543
5233	8183
5234	122
5235	5243
5236	5857
5237	854
5238	3919
5239	466
5240	613
5241	3172
5242	5234
5243	7887
5244	2556
5245	361
5245	3187
5246	1302
5247	2021
5248	8948
5249	6335
5250	9307
5251	1133
5252	7749
5253	9207
5254	885
5255	3245
5256	6781
5257	1735
5258	6649
5259	322
5260	3673
5261	6888
5262	7332
5263	3782
5264	2108
5265	4453
5266	4953
5267	6079
5268	8636
5269	7802
5270	3520
5271	5290
5272	16
5273	1623
5273	2095
5274	4939
5275	6663
5276	666
5277	2037
5278	557
5279	8283
5280	1211
5281	8610
5282	2091
5283	1236
5284	3030
5285	3404
5286	624
5287	7668
5288	1296
5289	1620
5290	6676
5291	5270
5292	6592
5293	7451
5294	3858
5295	3095
5296	4072
5297	7368
5298	717
5299	2232
5300	6321
5301	5352
5302	47
5303	5949
5304	4241
5305	2012
5306	4232
5307	474
5308	7784
5309	8139
5310	617
5311	7178
5312	4752
5313	221
5314	1668
5315	6731
5316	7406
5317	7879
5318	7429
5319	5991
5320	5168
5321	4843
5322	9224
5323	2865
5324	3847
5325	7214
5326	3468
5327	8460
5328	8907
5329	9011
5330	2204
5331	1892
5332	4086
5333	3649
5334	2877
5335	129
5335	803
5336	2871
5337	1869
5338	7007
5339	5346
5340	6435
5341	9025
5342	3403
5343	8408
5344	3937
5345	958
5346	6978
5347	5338
5348	1067
5349	7289
5350	4563
5351	4517
5352	1105
5353	5300
5354	1405
5355	2872
5356	3651
5357	5688
5358	3390
5359	7799
5360	7307
5361	4203
5362	5707
5363	4026
5364	2009
5365	5807
5366	5482
5367	3366
5368	6816
5369	2321
5370	6007
5371	66
5372	3221
5373	8936
5374	725
5374	8543
5375	1804
5376	4616
5377	7142
5378	3677
5379	561
5380	7823
5381	8759
5382	2650
5383	3566
5383	4562
5384	6
5385	3449
5386	9178
5387	8771
5388	2665
5389	224
5390	7806
5391	6410
5392	8925
5393	243
5394	6333
5395	3625
5396	8499
5397	5165
5398	2628
5399	8489
5400	9120
5401	6345
5402	4183
5403	2263
5404	3410
5405	1395
5406	5119
5407	8945
5408	3
5409	3369
5410	7466
5411	3258
5412	9238
5413	3806
5414	6474
5415	5527
5416	1229
5417	3076
5418	5484
5419	6605
5420	6741
5421	1029
5422	4123
5423	9229
5424	5496
5425	5121
5426	8167
5427	1264
5428	1053
5429	2712
5430	3048
5431	587
5432	7184
5433	6807
5434	487
5435	3634
5436	4333
5437	3035
5438	9057
5439	2195
5440	8152
5441	8155
5442	6214
5443	347
5443	2590
5444	8661
5445	4007
5446	6827
5447	2923
5448	4866
5449	6379
5450	4214
5451	7236
5452	6956
5453	2735
5454	6784
5455	1277
5456	7682
5457	4459
5458	4438
5459	6786
5460	1720
5461	2706
5462	2836
5463	5653
5464	2655
5465	2119
5466	6672
5467	4728
5468	8058
5469	3000
5470	2444
5471	2667
5472	5222
5473	4854
5474	2310
5475	3692
5476	3235
5477	8919
5478	6091
5479	1384
5480	3835
5481	6300
5482	6690
5483	5367
5484	6790
5485	5419
5486	8220
5487	1700
5488	709
5489	3887
5490	6587
5491	1041
5492	7225
5493	5224
5494	4111
5495	3047
5496	906
5497	5425
5498	372
5499	3075
5500	7254
5501	4618
5502	5112
5503	1587
5504	1222
5505	254
5506	588
5507	3986
5508	2449
5509	1775
5510	7785
5511	1802
5512	3324
5513	5915
5514	2777
5515	3935
5516	7196
5517	2365
5518	1451
5519	1409
5520	1020
5521	3925
5522	4629
5523	806
5524	3208
5525	334
5526	5414
5527	6235
5528	3964
5529	6691
5530	8603
5531	8355
5532	1948
5533	5060
5534	1744
5535	6872
5536	5848
5537	2548
5537	7223
5538	237
5539	356
5540	4704
5541	8933
5542	2121
5543	8883
5544	6758
5545	9294
5546	5076
5547	9149
5548	6808
5549	6612
5550	7086
5551	1091
5552	3525
5553	8205
5554	1311
5554	8963
5555	495
5556	2353
5557	556
5558	2753
5559	2912
5560	7535
5561	4991
5562	3490
5563	7923
5564	1380
5565	3865
5566	1301
5567	4190
5568	7683
5569	1776
5570	6644
5571	5620
5572	7937
5573	3017
5574	2784
5575	1238
5576	1927
5577	9216
5578	3089
5579	1449
5580	5905
5581	8224
5582	7299
5583	9000
5584	7350
5585	1826
5586	6389
5587	7319
5588	3744
5589	7438
5590	8720
5591	23
5592	582
5593	2574
5594	3028
5595	8324
5596	7294
5597	6995
5598	1983
5599	825
5600	2522
5601	7865
5602	8596
5603	5125
5604	79
5605	7699
5606	270
5607	5081
5608	6776
5609	1285
5610	6005
5611	7233
5612	6728
5613	4449
5614	7636
5615	8464
5616	4565
5617	8381
5618	7812
5619	8518
5620	8116
5621	5570
5622	1539
5623	3733
5624	2728
5625	3392
5626	8440
5627	456
5628	7538
5629	694
5630	6296
5631	5771
5632	4327
5633	6154
5634	5048
5635	8259
5636	647
5637	2508
5638	4992
5639	8
5640	4873
5641	1485
5642	758
5643	8372
5644	9068
5645	6171
5646	934
5647	4903
5648	6102
5649	3736
5650	5095
5651	6726
5652	5462
5653	1893
5654	6635
5655	5145
5656	1439
5657	7462
5658	491
5658	8819
5659	7370
5660	9240
5661	1873
5662	8364
5663	2746
5664	7311
5665	3976
5666	2336
5667	190
5668	9140
5669	3938
5670	867
5671	8565
5672	7016
5673	2112
5674	703
5674	961
5674	8836
5675	3984
5676	4099
5677	6999
5678	103
5679	4927
5680	2038
5681	3874
5682	6994
5683	3229
5684	5167
5685	5972
5686	9296
5687	8150
5688	8306
5689	5356
5690	6541
5691	1578
5692	1943
5693	7358
5694	245
5695	4957
5696	672
5697	8837
5698	6219
5699	2973
5700	5028
5701	8217
5702	8030
5703	2243
5704	8367
5705	6033
5706	5363
5707	1322
5708	7193
5709	7219
5710	9104
5711	723
5712	3487
5713	2727
5714	3875
5715	6301
5716	1629
5717	1763
5718	2790
5719	3595
5720	1897
5721	7528
5722	1093
5723	9271
5724	2275
5725	2928
5726	5935
5727	2842
5728	673
5729	1402
5730	2123
5731	9146
5732	8319
5733	8935
5734	8411
5735	1321
5736	6066
5737	1047
5738	1242
5739	4420
5740	4376
5741	5063
5742	3280
5743	6553
5744	3261
5745	6669
5746	7860
5747	7275
5748	4593
5749	1678
5750	3843
5751	7088
5752	1901
5753	2897
5754	148
5755	6105
5756	4669
5757	5157
5758	5951
5759	406
5760	929
5761	2420
5762	4173
5763	4894
5764	3432
5765	8745
5766	5008
5767	4540
5768	7654
5769	6548
5770	5630
5771	4762
5772	4546
5773	8879
5774	667
5775	1156
5776	8309
5777	201
5778	3853
5779	4032
5780	6927
5781	3844
5782	7459
5783	233
5784	8442
5785	1931
5786	627
5787	2325
5788	1680
5789	4822
5790	8254
5791	8107
5792	8111
5793	6245
5794	6991
5795	212
5796	3860
5797	8416
5798	831
5799	3148
5800	1088
5801	3059
5803	2105
5804	7745
5805	8577
5806	5364
5807	6018
5808	0
5809	2103
5810	3702
5811	4329
5812	3896
5813	7838
5814	639
5815	3358
5816	6182
5817	6231
5818	156
5819	2511
5820	3489
5821	203
5822	2002
5823	1660
5824	2130
5825	3929
5826	6472
5827	3546
5828	7941
5829	3689
5830	8269
5831	5219
5832	5993
5833	9050
5834	8625
5835	8659
5836	837
5837	4031
5838	7885
5839	3577
5840	6395
5841	8053
5842	5202
5843	2683
5844	8751
5845	242
5846	496
5847	1473
5848	1293
5848	6702
5849	579
5849	5537
5850	4714
5851	8069
5852	3385
5853	9335
5854	5996
5855	8658
5856	5237
5857	6772
5858	7695
5859	1765
5860	4740
5861	3379
5862	4683
5863	4750
5864	743
5865	8597
5866	98
5867	7169
5868	8645
5869	1963
5870	3881
5871	7221
5872	3217
5873	8501
5874	440
5875	1596
5876	604
5877	6962
5878	6539
5879	8723
5880	3810
5881	8674
5882	8560
5883	115
5883	9207
5884	2787
5885	7470
5886	2253
5887	4970
5888	9312
5889	1553
5890	3439
5891	2237
5892	968
5893	3480
5894	6631
5895	2677
5896	3719
5897	1860
5898	4158
5899	4271
5900	7109
5901	8862
5902	2849
5903	7763
5904	5581
5905	8208
5906	2591
5907	4717
5908	8573
5909	7908
5910	417
5911	790
5912	6413
5913	1541
5913	9279
5914	5512
5915	7441
5916	918
5916	6535
5917	2744
5918	1178
5919	6815
5920	6304
5921	3652
5922	8054
5923	7773
5924	2709
5925	1752
5926	1674
5927	3097
5928	8811
5929	6802
5930	9060
5931	2674
5932	8582
5933	610
5934	5727
5935	504
5936	2726
5937	75
5938	6177
5939	1162
5940	8817
5941	3013
5942	83
5943	8175
5944	6477
5945	741
5946	9200
5947	9270
5948	5302
5949	2111
5950	5759
5951	4804
5952	8444
5953	2335
5954	4106
5955	6883
5956	4280
5957	4285
5958	155
5959	6286
5960	64
5961	6101
5962	3953
5963	2527
5964	94
5965	386
5966	3996
5967	4360
5968	9179
5969	3368
5970	5204
5971	4622
5972	7911
5973	5684
5974	510
5975	3272
5976	3954
5977	7071
5978	3002
5979	1458
5980	1003
5981	2615
5982	1256
5983	4964
5984	1488
5985	6652
5986	6211
5987	3836
5988	4475
5989	2171
5990	5318
5991	6071
5992	5833
5993	1466
5994	6818
5995	8810
5996	8893
5997	5855
5998	3989
5999	6695
6000	9304
6001	8249
6002	1128
6003	4610
6004	5611
6005	6117
6006	5371
6007	1120
6008	4246
6009	3628
6010	3436
6011	4423
6012	7656
6013	8949
6014	1626
6015	460
6016	3903
6017	7851
6018	8526
6019	5806
6020	2962
6021	8630
6022	4192
6023	6855
6024	4282
6025	3907
6026	3534
6027	6891
6028	9160
6029	6487
6030	1522
6031	3175
6032	1935
6032	5704
6033	8885
6034	4569
6035	9002
6036	9245
6037	3599
6038	6832
6039	7662
6040	2083
6041	7260
6042	2789
6043	6407
6044	2863
6045	1614
6046	4978
6047	6167
6048	8035
6049	299
6050	7316
6051	1864
6052	8092
6053	3073
6054	9059
6055	3335
6056	8184
6057	7539
6058	7267
6059	5001
6060	3988
6061	3620
6062	1909
6063	8204
6064	1574
6065	4211
6066	7087
6067	5737
6068	563
6069	527
6070	5990
6071	3475
6072	850
6073	8361
6074	537
6075	8028
6076	3543
6077	9051
6078	5266
6079	3140
6080	6789
6081	9277
6082	7692
6083	8380
6084	9055
6085	3633
6086	1938
6087	2521
6088	4256
6089	4473
6090	5479
6091	6964
6092	2671
6093	4243
6094	6163
6095	2134
6096	7945
6097	4861
6098	8186
6099	7401
6100	5960
6101	4009
6102	275
6103	5649
6104	5754
6105	7231
6107	229
6108	4881
6109	814
6110	4122
6111	966
6112	1843
6113	2074
6114	5035
6115	3960
6116	6004
6117	1683
6118	2270
6119	1392
6119	7528
6120	1793
6121	7780
6122	7083
6123	8728
6124	8312
6125	9205
6126	149
6127	470
6128	6674
6129	7265
6130	7220
6131	809
6132	2301
6133	6246
6134	4489
6135	6609
6136	4916
6137	2419
6138	4409
6139	3706
6140	7544
6141	548
6142	118
6143	3676
6144	4365
6145	7096
6146	8289
6147	8703
6148	8248
6149	2569
6150	4237
6151	9074
6152	2089
6152	4387
6153	2738
6154	463
6155	5632
6156	7833
6157	681
6158	6739
6159	7384
6160	4102
6161	3351
6162	6095
6163	7504
6164	3631
6165	8782
6166	6046
6167	7761
6168	3975
6170	5644
6171	1220
6172	8057
6173	1619
6174	5006
6175	3788
6176	5939
6177	2593
6178	6590
6179	6197
6180	4962
6181	3304
6182	1267
6183	5817
6184	7448
6185	1836
6186	1671
6187	8927
6188	1547
6189	8486
6190	1954
6191	1042
6192	8102
6193	2557
6194	1136
6195	2402
6196	6178
6197	4921
6198	1800
6199	9332
6200	2920
6201	4904
6202	9244
6203	8819
6204	513
6205	3867
6206	1450
6207	4528
6208	2142
6209	2380
6210	5987
6211	1630
6212	954
6213	7567
6214	5212
6215	5443
6216	907
6217	1516
6218	5699
6219	7467
6220	6595
6221	6433
6222	8040
6223	1509
6224	4777
6225	7775
6226	108
6227	3408
6228	594
6229	1168
6230	5816
6231	3055
6232	8013
6233	1784
6234	5526
6235	2477
6236	3691
6237	7428
6238	7382
6239	1198
6240	4550
6241	7893
6242	55
6243	9281
6244	5792
6245	3991
6246	8594
6247	6132
6248	8590
6249	9325
6250	4288
6251	160
6252	2766
6253	7027
6254	2648
6255	7814
6256	13
6257	4578
6257	4782
6258	3458
6259	4187
6260	747
6261	3741
6262	246
6263	690
6264	8891
6265	6523
6266	7037
6267	989
6268	9309
6269	22
6270	7127
6271	8884
6272	3950
6273	1391
6274	1762
6275	3299
6276	4713
6277	15
6278	4611
6279	7606
6280	3378
6281	6451
6282	939
6283	7300
6284	3648
6285	6528
6286	9003
6287	5958
6288	8617
6289	1505
6290	2496
6291	4802
6292	883
6293	2629
6294	8988
6295	4419
6296	3454
6297	5631
6298	3794
6299	9331
6300	5714
6301	5480
6302	1513
6303	4412
6304	2959
6305	5921
6306	1286
6307	1543
6308	1711
6309	4502
6310	1755
6311	3498
6312	302
6313	3328
6314	3128
6315	7079
6316	6466
6317	1697
6318	8398
6319	6860
6320	5301
6321	2324
6322	2589
6323	8320
6324	355
6325	9257
6326	7510
6327	3740
6328	8136
6329	494
6330	986
6331	7615
6332	5395
6333	4118
6334	5248
6335	230
6336	8592
6337	3873
6338	4482
6339	4588
6340	8135
6341	7896
6342	373
6343	7247
6344	5400
6345	58
6346	4895
6347	1919
6348	2057
6349	2051
6350	3828
6351	1722
6352	3821
6353	2241
6354	303
6355	4497
6356	2203
6357	4371
6358	571
6359	7118
6360	2635
6361	3748
6362	6534
6363	8739
6364	7497
6365	8133
6366	3830
6367	7679
6368	6766
6369	1709
6370	2373
6371	7826
6372	7916
6373	4948
6374	8303
6375	7735
6376	8916
6377	111
6378	5448
6379	4003
6380	6769
6381	7354
6382	8196
6383	8506
6384	8521
6385	2329
6386	7827
6387	3276
6388	5587
6389	7734
6390	4789
6391	502
6392	7206
6393	7959
6394	5841
6395	1124
6395	9278
6396	9016
6397	8547
6398	8122
6399	5154
6400	3256
6401	8926
6402	6944
6403	8010
6404	195
6405	8650
6406	6042
6407	8100
6408	1157
6409	2852
6410	3145
6411	5390
6412	5913
6413	6642
6414	8690
6415	9318
6416	7015
6417	4510
6418	1564
6419	4689
6420	7988
6421	1024
6422	7153
6423	32
6424	3803
6425	5007
6426	1186
6427	1637
6428	4831
6429	9175
6430	1838
6431	5054
6432	6220
6433	3149
6434	5341
6435	6909
6436	7929
6437	4587
6438	8742
6439	3502
6440	4466
6441	8253
6442	2399
6443	2828
6444	6813
6445	2716
6446	4647
6447	8618
6448	3053
6449	8976
6450	6280
6451	9004
6452	3033
6453	8201
6454	7882
6455	483
6456	1411
6457	7189
6458	1737
6459	4943
6460	2531
6461	710
6462	9319
6463	4824
6464	1565
6465	4196
6466	4514
6467	6317
6468	9105
6469	8677
6470	3160
6471	3878
6472	521
6473	5827
6474	8642
6475	5415
6476	5945
6477	2853
6478	3882
6479	3417
6480	4375
6480	7750
6481	9266
6482	30
6483	4226
6484	1794
6485	420
6486	6028
6487	5027
6488	86
6489	877
6490	1544
6491	2314
6492	4693
6493	927
6494	1879
6494	2092
6494	4058
6495	4888
6495	5198
6496	3178
6497	4715
6498	8607
6499	7946
6500	4680
6501	3345
6502	873
6503	3093
6504	4806
6505	8660
6506	2605
6507	7659
6508	1534
6509	7268
6510	1953
6511	2302
6512	8788
6513	3361
6514	1850
6515	7235
6516	7817
6517	4583
6518	7655
6519	1828
6520	363
6521	8770
6522	6264
6523	2069
6524	4012
6525	970
6526	4354
6527	5182
6528	4481
6529	6284
6530	2118
6531	8801
6532	718
6533	501
6534	1673
6534	5917
6535	6363
6536	3761
6537	8749
6538	5879
6539	9013
6540	5691
6541	4405
6542	7422
6543	4352
6544	2486
6545	9026
6546	7633
6547	348
6548	8961
6549	5768
6550	4355
6551	443
6552	5742
6553	5159
6554	3031
6555	7034
6556	3433
6557	707
6558	4989
6559	4219
6560	8088
6561	4074
6562	3219
6563	3041
6564	3591
6565	7182
6566	1102
6567	7379
6568	5093
6569	859
6570	8872
6571	5042
6572	663
6573	1817
6574	7549
6575	999
6576	5036
6577	4526
6578	4061
6579	4115
6580	2740
6581	7442
6582	8631
6583	1265
6584	1665
6585	3728
6586	5491
6587	9021
6588	4621
6589	2062
6590	8106
6591	6179
6592	3383
6593	5293
6594	6221
6595	943
6596	4688
6597	2555
6598	7048
6599	3223
6600	4427
6601	1821
6602	4661
6603	1918
6604	5418
6605	1342
6606	2176
6607	8881
6608	6134
6609	5181
6610	4701
6611	8705
6612	1064
6613	5548
6614	294
6615	4140
6616	2421
6617	318
6618	2117
6619	7821
6620	1422
6621	7213
6622	4519
6623	3227
6624	4529
6625	7058
6626	8422
6627	8174
6628	7100
6629	267
6629	6675
6630	5895
6631	1823
6632	6949
6633	7801
6634	5655
6635	3727
6636	172
6637	3779
6638	7870
6639	4607
6640	8875
6641	4179
6642	956
6643	6412
6644	832
6645	5571
6646	1121
6647	746
6648	5259
6649	761
6650	433
6651	2966
6652	619
6653	5984
6654	3567
6655	1152
6656	6972
6657	1608
6658	9314
6659	4763
6660	2631
6661	1481
6662	5274
6663	215
6664	2517
6665	2135
6666	261
6667	7133
6668	5744
6669	380
6670	4902
6671	3768
6672	8780
6673	5467
6674	6628
6675	6129
6676	2841
6677	5291
6678	503
6679	1043
6680	4240
6681	2220
6682	8247
6683	6885
6684	3270
6685	3797
6686	6819
6687	7729
6688	131
6689	3601
6690	5528
6691	5483
6692	4224
6693	7073
6694	5998
6695	8363
6696	3715
6697	7115
6698	3864
6699	8031
6700	4194
6701	6876
6702	5100
6703	2694
6703	5849
6704	8965
6705	2256
6706	7363
6707	4585
6708	1672
6709	3300
6710	8671
6711	429
6712	8060
6713	1370
6714	3569
6715	3602
6716	4071
6717	1844
6718	7103
6719	679
6720	2670
6721	4411
6722	3908
6723	4910
6724	8047
6725	835
6725	2618
6725	8638
6726	7102
6727	5650
6728	3004
6729	5613
6730	5314
6731	800
6732	8423
6733	7141
6734	3214
6735	369
6736	1659
6737	991
6738	6159
6739	4294
6740	5421
6741	1769
6742	173
6743	7471
6744	1344
6745	1595
6746	8903
6747	8188
6748	2901
6749	7295
6750	993
6751	3737
6752	8542
6753	3660
6754	1756
6755	3446
6756	1193
6757	8477
6758	4023
6759	5545
6760	7257
6761	2695
6761	7508
6762	9092
6763	7400
6764	3641
6765	3231
6766	8072
6767	6369
6768	6381
6769	4794
6770	7977
6771	2504
6772	3317
6773	5856
6774	7503
6775	558
6776	2124
6777	5609
6778	3091
6779	1192
6779	3153
6780	5257
6781	2539
6782	2264
6783	3064
6784	3060
6785	5455
6786	8170
6787	5458
6788	6081
6789	4897
6790	955
6791	5485
6792	8449
6793	4340
6794	4891
6795	3955
6796	642
6797	8345
6798	7989
6799	8481
6800	3342
6801	7903
6802	658
6803	5928
6804	7994
6805	7993
6806	5432
6807	1174
6808	392
6809	5549
6810	2587
6811	5134
6812	6445
6813	4041
6814	5918
6815	121
6816	8773
6817	5369
6818	6687
6819	5995
6820	7181
6821	8541
6822	4372
6823	2193
6824	9293
6825	1845
6826	5447
6827	7829
6828	181
6829	7790
6830	2642
6831	3876
6832	3716
6833	6039
6834	4682
6835	4345
6836	5079
6837	3598
6838	8942
6839	8232
6840	3787
6841	4424
6842	8490
6843	2831
6844	2974
6845	6893
6846	3535
6847	2503
6848	1526
6849	2478
6850	1751
6851	1215
6852	1258
6853	4017
6854	6022
6855	4898
6856	654
6857	1478
6858	8077
6859	2810
6860	8913
6861	6318
6862	2278
6863	660
6864	3500
6865	2246
6866	9143
6867	2595
6868	2945
6869	7280
6870	1533
6871	566
6872	2428
6873	5534
6874	226
6875	7318
6876	253
6877	6700
6878	2286
6879	1058
6880	4137
6881	8808
6882	5954
6883	2080
6884	6682
6885	4171
6886	3387
6887	900
6888	841
6889	5260
6890	6026
6891	7224
6892	6844
6893	2279
6894	2519
6895	3895
6896	8228
6897	7387
6898	1177
6899	951
6900	3332
6901	7581
6902	794
6903	7431
6904	8349
6905	8844
6906	5091
6907	2892
6908	6434
6909	2575
6910	9295
6911	5017
6912	4646
6913	2549
6914	3052
6915	3941
6916	2178
6917	3776
6918	4188
6919	8781
6920	7762
6921	7107
6922	2898
6923	992
6924	4257
6925	426
6925	2197
6926	5781
6927	702
6928	1771
6929	8958
6930	1259
6931	577
6932	7677
6933	2756
6934	8890
6935	7951
6936	4172
6937	4896
6938	2681
6939	1861
6940	5144
6941	4783
6942	7741
6943	8480
6944	4624
6945	6403
6946	902
6947	4382
6948	6633
6949	7335
6950	4307
6951	2760
6952	9316
6953	983
6954	3022
6955	2736
6956	2082
6957	5453
6958	7308
6959	2475
6960	9067
6961	409
6962	8468
6963	5876
6964	7056
6965	6090
6966	4662
6967	7491
6968	7046
6969	8327
6970	358
6971	3399
6972	7067
6973	6657
6974	3371
6975	293
6976	8887
6977	7230
6978	9330
6979	5347
6980	2153
6981	8880
6982	4986
6983	8663
6984	1568
6985	3105
6986	8655
6987	4677
6988	1448
6989	2577
6990	5795
6991	1586
6992	4417
6993	1349
6994	5596
6995	5683
6996	3735
6997	847
6998	5676
6999	7554
7000	2281
7001	7334
7002	7156
7003	9226
7004	284
7005	4081
7006	5339
7007	7468
7008	7051
7009	3125
7010	3531
7011	78
7012	2240
7013	2528
7014	6417
7015	7486
7016	9152
7017	5673
7018	7558
7019	1139
7020	5067
7021	2747
7022	3027
7023	285
7024	8027
7025	448
7026	6252
7027	8741
7028	1203
7029	3484
7030	4849
7031	4642
7032	3087
7033	442
7034	1394
7035	6554
7036	6267
7037	8231
7038	3363
7038	7084
7039	4935
7040	4776
7041	4141
7042	7106
7043	8768
7044	9188
7045	7423
7046	7202
7047	6969
7048	2770
7049	6599
7050	7009
7051	8412
7052	2932
7053	1549
7054	1491
7055	1976
7056	1031
7057	6965
7058	3757
7059	6624
7060	439
7061	7292
7062	3667
7063	7424
7064	8544
7065	9287
7066	6973
7067	141
7068	2822
7069	1009
7069	7332
7070	5976
7071	150
7072	6692
7073	176
7074	3307
7075	4746
7076	7898
7077	8424
7078	6314
7079	7894
7080	2644
7081	4990
7082	6123
7083	192
7084	8840
7085	342
7085	7039
7086	6067
7087	5551
7088	1086
7089	5750
7090	2332
7091	4679
7092	1698
7093	4821
7094	9302
7095	4462
7096	8638
7097	6144
7098	7341
7099	7165
7100	3199
7101	6629
7102	6719
7103	6727
7104	4431
7105	1829
7106	6920
7107	7043
7108	5901
7109	2330
7110	138
7111	419
7112	3942
7113	436
7114	6696
7115	7298
7116	1297
7117	4841
7118	2497
7119	6358
7120	3974
7121	4792
7122	1589
7123	4747
7124	1131
7125	1288
7126	6271
7127	167
7128	300
7129	7250
7130	9230
7131	8775
7132	6666
7133	4605
7134	3561
7135	623
7136	1134
7137	9122
7138	4851
7139	3726
7140	6732
7141	2056
7142	1363
7143	202
7143	5376
7144	3209
7145	7748
7146	3952
7147	3234
7148	1827
7149	7991
7150	3967
7151	8765
7152	6423
7153	5140
7154	2131
7154	2403
7154	8711
7155	4319
7156	732
7157	7003
7158	2993
7159	217
7160	1653
7161	2500
7162	3287
7163	7709
7164	7098
7165	3281
7166	581
7167	4385
7168	5866
7169	1492
7170	2313
7171	1441
7172	7353
7173	2748
7174	3965
7175	136
7176	849
7177	9215
7178	4057
7179	5310
7180	6821
7181	2049
7182	7968
7183	6564
7184	9280
7185	5433
7186	8016
7187	3018
7188	6456
7189	7638
7190	4801
7191	8370
7192	5709
7193	9211
7194	2949
7195	3613
7196	3635
7197	5517
7198	2600
7199	4097
7200	4082
7201	5177
7202	164
7203	7047
7204	4707
7205	5229
7206	1452
7207	6393
7208	3861
7209	4341
7210	8981
7211	1889
7212	6620
7213	5014
7214	7519
7215	5324
7216	3685
7217	437
7218	5708
7219	7530
7220	5870
7221	6131
7222	5536
7222	7482
7223	4331
7224	5493
7225	6890
7226	7361
7227	1932
7228	383
7229	3904
7230	6104
7231	6976
7232	5610
7233	4198
7234	6514
7235	5111
7236	5087
7237	5450
7238	9305
7239	1487
7240	8633
7241	3204
7242	2858
7243	9103
7244	2773
7245	2997
7246	6342
7247	947
7248	4132
7249	3322
7250	1689
7251	7128
7252	2334
7253	7666
7254	81
7255	5501
7256	6761
7257	9106
7258	7694
7259	3382
7260	8313
7261	6040
7262	1819
7263	2129
7264	6128
7265	1986
7266	6059
7267	4665
7268	2986
7269	6508
7270	1567
7271	9079
7272	2352
7273	4042
7274	5746
7275	9297
7276	2636
7277	9161
7278	8086
7279	1520
7280	161
7281	6868
7282	7962
7283	63
7284	2242
7285	996
7286	7600
7287	8144
7288	5348
7289	760
7290	2955
7291	1335
7292	3425
7293	7060
7294	6748
7295	5597
7296	2182
7297	2536
7298	5583
7299	7114
7300	288
7301	6282
7302	3111
7303	898
7304	7498
7305	2347
7306	5361
7307	9322
7308	9321
7309	6959
7310	5665
7311	9072
7312	3024
7313	4931
7314	4930
7315	9063
7316	2798
7316	3850
7317	6051
7318	5586
7319	6874
7320	9231
7321	4638
7322	3605
7323	3142
7324	3781
7325	396
7326	4954
7327	1241
7328	8552
7329	4298
7330	8760
7331	1113
7332	868
7333	5263
7333	7068
7334	6948
7335	7000
7336	1115
7337	817
7338	3614
7339	345
7340	7099
7341	5102
7342	3438
7343	3675
7344	920
7345	393
7346	7875
7347	88
7348	276
7349	3791
7350	9324
7351	5585
7352	7173
7353	8653
7354	8612
7355	6380
7356	1615
7357	8315
7358	7588
7359	5692
7360	7227
7361	1551
7362	6707
7363	3932
7364	8640
7365	1713
7366	4120
7367	8043
7368	4868
7369	5296
7370	110
7371	2131
7371	5658
7372	8103
7373	2779
7374	1809
7375	8149
7376	8267
7377	8507
7378	6566
7379	3694
7380	2201
7381	861
7382	3969
7383	6239
7384	403
7385	6158
7386	6896
7387	5156
7388	9047
7389	7632
7390	9183
7391	8569
7392	4580
7393	2840
7394	8450
7395	7614
7396	7478
7397	8753
7398	8941
7399	8385
7400	6098
7401	6762
7402	1051
7403	1521
7404	8302
7405	8704
7405	8779
7406	8262
7407	5317
7408	3619
7409	8085
7410	540
7411	3263
7412	343
7413	3397
7414	655
7415	3039
7416	8478
7417	5103
7418	3423
7419	4439
7420	2436
7421	9096
7422	7044
7423	6543
7424	8176
7425	7062
7426	2385
7427	8008
7428	5319
7429	6236
7430	6902
7431	1185
7432	3915
7433	1577
7434	1385
7435	9247
7436	9180
7437	5022
7438	4267
7439	5588
7440	5914
7441	140
7442	1664
7443	6580
7444	9124
7445	7496
7446	8482
7447	2289
7448	8006
7449	6185
7450	5292
7451	3541
7452	8914
7453	4421
7454	7733
7455	3138
7456	9255
7457	7967
7458	5783
7459	3593
7460	1749
7461	5070
7462	980
7463	5656
7464	9138
7465	3742
7466	6218
7467	5411
7468	3665
7469	7006
7470	6742
7471	5884
7472	7650
7473	3536
7474	41
7474	4491
7475	7974
7476	247
7477	2877
7477	8388
7477	9051
7478	1381
7479	7397
7480	2867
7481	9070
7482	2284
7483	7223
7484	2092
7484	4058
7485	4302
7486	1807
7487	7014
7488	5189
7489	629
7490	6966
7491	507
7492	7910
7493	7797
7494	252
7495	4643
7496	6365
7497	7444
7498	384
7499	7305
7500	516
7501	8719
7502	6775
7503	953
7504	8024
7505	6162
7506	8288
7507	2283
7508	5124
7509	4386
7509	6760
7510	3720
7511	6327
7512	8792
7513	950
7514	123
7515	3956
7516	2167
7517	4770
7518	7215
7519	2022
7520	7737
7521	7721
7522	8866
7523	7631
7524	8767
7525	8049
7526	1868
7527	1465
7528	543
7529	5720
7529	6118
7530	2702
7531	7218
7532	5056
7533	67
7534	5561
7535	925
7536	2495
7537	376
7538	6056
7539	5629
7540	4199
7541	3456
7542	2439
7543	3800
7544	3892
7545	6141
7546	4359
7547	321
7548	6575
7549	8975
7550	754
7551	2093
7552	8151
7553	3056
7554	4168
7555	6998
7556	210
7557	4450
7558	3902
7559	7019
7560	9090
7561	3419
7562	8154
7563	4197
7564	532
7565	312
7566	6212
7567	3629
7568	8082
7569	4619
7570	3998
7571	8595
7572	3640
7573	2372
7574	1268
7575	3348
7576	1442
7577	1787
7578	4260
7579	3562
7579	3589
7580	6900
7581	3194
7582	8350
7583	4865
7584	9061
7585	3708
7586	9035
7587	8511
7588	8963
7589	7359
7590	1266
7591	7698
7592	3238
7593	8654
7594	8970
7595	8791
7596	1486
7597	1314
7598	4781
7599	84
7600	8298
7601	7287
7602	4352
7603	2238
7604	4426
7605	2467
7606	199
7607	6278
7608	9313
7609	560
7610	1377
7610	2387
7611	1184
7612	431
7613	2465
7614	6330
7615	7394
7616	1055
7617	8578
7618	7906
7619	2937
7620	2000
7621	2181
7622	1958
7623	4045
7624	2422
7625	2673
7626	8379
7627	4666
7628	3650
7629	4212
7630	7522
7631	3852
7632	6547
7633	7388
7634	4589
7635	2554
7636	3132
7637	5615
7638	1032
7639	7188
7640	4936
7641	8308
7642	1796
7643	3885
7644	2066
7645	2110
7646	7972
7647	8230
7648	1753
7649	5184
7650	3129
7651	7473
7652	2718
7653	8433
7654	6519
7655	5769
7656	3090
7657	6013
7658	6506
7659	3147
7660	8997
7661	565
7662	395
7663	6038
7664	4751
7665	8805
7666	273
7667	7252
7668	3764
7669	5286
7670	7676
7671	7883
7672	2350
7673	272
7674	7848
7675	3045
7675	8656
7676	6933
7677	7671
7678	6366
7679	5053
7680	3559
7681	5037
7682	5569
7683	5457
7684	68
7685	1818
7686	544
7687	2887
7688	515
7689	8853
7690	154
7691	4144
7692	2544
7693	3091
7693	6083
7694	5859
7695	7259
7696	541
7697	1089
7698	5604
7699	7590
7700	719
7701	2185
7702	1358
7703	3911
7704	1097
7704	9172
7705	2152
7706	4538
7707	3849
7708	7162
7709	675
7710	2505
7711	1718
7712	1517
7713	4062
7714	3914
7715	3416
7716	4799
7717	3020
7718	8774
7719	4985
7720	7520
7721	5024
7722	1012
7723	2165
7724	8392
7725	4209
7726	637
7727	2573
7728	6686
7729	3428
7730	3880
7731	1325
7732	7455
7733	3174
7734	6374
7735	6388
7736	7521
7737	4242
7738	8114
7739	3934
7740	2976
7740	6943
7741	2317
7742	8160
7743	1694
7744	5805
7745	1929
7746	855
7747	2248
7748	5253
7749	7144
7750	1719
7751	4238
7751	6481
7752	1251
7753	8260
7754	8429
7755	3407
7756	1857
7757	862
7758	4505
7759	3496
7760	6166
7761	1962
7762	5902
7763	6921
7764	3225
7765	2096
7766	2580
7767	4914
7768	8286
7769	1560
7770	5183
7771	3834
7772	5922
7773	529
7774	6224
7775	8628
7776	4066
7777	609
7778	4966
7779	531
7780	7943
7781	6120
7782	4745
7783	1475
7784	5511
7785	5309
7786	8488
7787	183
7788	8859
7789	3653
7790	1016
7791	6828
7792	8371
7793	3395
7794	169
7795	7810
7796	7492
7797	2598
7798	5358
7799	3647
7800	6632
7801	2805
7802	2393
7803	5268
7804	1766
7805	9032
7806	8399
7807	5391
7808	8441
7809	1283
7810	4911
7811	7794
7812	1069
7813	5619
7814	2206
7815	6254
7816	6517
7817	2225
7818	1425
7819	1922
7820	6618
7821	8524
7822	5381
7823	166
7824	1949
7825	2388
7826	6387
7827	6370
7828	6826
7829	1600
7830	8982
7831	4014
7832	6157
7833	8087
7834	1261
7835	2420
7835	8664
7836	214
7836	3516
7837	1557
7838	3627
7839	5812
7840	3242
7841	455
7842	8409
7843	5023
7844	1289
7845	8257
7846	662
7847	8402
7848	8124
7849	7675
7850	6016
7851	1011
7852	77
7853	1061
7854	2711
7855	4028
7856	9261
7857	4949
7858	4959
7859	1736
7860	1483
7861	5747
7862	9212
7863	2128
7864	5600
7865	218
7866	2814
7867	3045
7868	8675
7869	4743
7870	8731
7871	6639
7872	2197
7872	2358
7873	2114
7874	7347
7875	9187
7876	8329
7877	359
7878	5316
7879	4660
7880	8600
7881	928
7882	7670
7883	6455
7884	5839
7885	5096
7886	5242
7887	9256
7888	8969
7889	4756
7890	3581
7891	9329
7892	6240
7893	4506
7894	5225
7895	7078
7896	4447
7897	6340
7898	5155
7899	4157
7899	7077
7900	1493
7901	4130
7902	6800
7903	2778
7904	4362
7905	1581
7906	7980
7907	7619
7908	4547
7909	5908
7910	5973
7911	7493
7912	8905
7913	8492
7914	268
7914	4239
7915	8090
7916	2640
7917	6373
7918	2344
7919	2331
7920	1987
7921	4731
7922	5562
7923	8694
7924	656
7925	2798
7926	3014
7927	4370
7928	6437
7929	8325
7930	2970
7931	1378
7932	1511
7933	2619
7934	2657
7935	2400
7936	5573
7937	8508
7938	1428
7939	1154
7940	5829
7941	2772
7942	7781
7943	34
7944	6097
7945	8199
7946	1745
7947	6498
7948	2187
7949	728
7950	6934
7951	8341
7952	9163
7953	9114
7954	4247
7955	2699
7956	2941
7957	3825
7958	6392
7959	2071
7960	530
7961	3488
7962	1169
7963	7283
7964	1879
7964	2092
7964	4037
7964	4058
7965	1445
7965	8191
7966	7456
7967	1126
7968	2250
7969	7183
7970	9197
7971	9222
7972	4281
7973	7647
7974	3015
7975	7474
7976	6771
7977	1036
7978	8062
7979	8673
7980	3277
7981	7907
7982	1443
7983	8534
7984	461
7985	4649
7986	3739
7987	3981
7988	6799
7989	6421
7990	7148
7991	2561
7992	6804
7993	3320
7994	4840
7995	6805
7996	3763
7997	2957
7998	5062
7999	3464
8000	1271
8001	3799
8002	3946
8003	551
8004	9274
8005	2144
8006	8668
8007	7449
8008	8589
8009	7426
8010	1254
8011	6402
8012	6233
8013	4558
8014	1217
8015	2084
8016	3283
8017	7187
8018	1538
8019	3402
8019	9127
8020	2014
8021	8609
8022	3224
8023	9100
8024	1098
8025	7505
8026	7025
8027	2294
8028	2656
8029	6074
8030	6698
8031	5703
8032	8994
8033	8846
8034	6049
8035	1127
8036	2298
8037	4416
8038	3265
8039	8255
8040	964
8041	6223
8042	7366
8044	730
8045	1228
8046	6725
8047	3759
8048	7524
8049	2323
8050	4020
8051	4515
8052	5840
8053	2169
8054	3713
8055	5923
8056	6173
8057	1300
8058	5097
8059	5469
8060	1651
8061	6713
8062	4216
8063	7979
8064	4805
8065	8778
8066	1777
8067	3096
8068	5850
8069	2351
8070	8250
8071	596
8072	8342
8073	6767
8074	43
8074	773
8075	4364
8076	6859
8077	3286
8078	4997
8079	8763
8080	2338
8081	2610
8082	9225
8083	7569
8084	7408
8085	3785
8086	7832
8087	7279
8088	4880
8089	6561
8090	3329
8091	7914
8092	8825
8093	6053
8094	1226
8095	177
8096	9041
8097	340
8098	8797
8099	351
8100	2418
8101	6406
8102	7373
8103	6193
8104	4413
8105	5231
8106	5790
8107	6591
8108	4025
8109	1397
8110	5793
8111	2802
8112	8614
8113	465
8114	2978
8115	7739
8116	9165
8117	5621
8118	1107
8119	1118
8119	8818
8120	9118
8121	8954
8122	4299
8123	6399
8124	8906
8125	1148
8125	7849
8125	8779
8126	8861
8127	1676
8128	818
8129	8317
8130	5172
8131	2163
8132	6364
8133	1382
8134	6341
8135	8140
8136	2861
8137	6329
8138	5308
8139	1318
8140	3061
8141	8134
8142	3037
8143	2697
8144	182
8145	7286
8146	9323
8147	4116
8148	7374
8149	3538
8150	7553
8151	5686
8152	2309
8153	5441
8154	5440
8155	7563
8156	8209
8157	2102
8158	255
8159	8898
8160	4048
8161	7743
8162	3550
8163	3192
8164	9071
8165	3963
8166	5427
8167	2570
8168	9223
8169	3494
8170	2854
8171	6787
8172	8644
8173	3186
8174	5942
8175	6626
8176	1179
8177	7425
8178	2967
8179	2271
8180	1779
8181	8620
8182	5232
8183	4165
8184	4825
8185	6057
8186	1008
8187	6099
8188	4761
8189	6746
8190	7964
8191	4058
8192	222
8193	8436
8194	8911
8195	2720
8196	8532
8197	6383
8198	7944
8199	5176
8200	6452
8201	802
8202	3611
8203	3232
8204	5552
8205	6062
8206	4671
8207	4493
8208	8157
8209	5904
8210	684
8211	9040
8212	2890
8213	899
8214	4286
8215	4283
8216	5700
8217	8999
8218	2780
8219	514
8220	4726
8221	5487
8222	4892
8223	1100
8224	8799
8225	5580
8226	4523
8227	1022
8228	1195
8229	6897
8230	7036
8231	7646
8232	3250
8233	6838
8234	3088
8235	3246
8236	2904
8237	3749
8238	3036
8239	2257
8240	2918
8241	740
8242	3547
8243	3070
8244	306
8245	1494
8246	6683
8247	2830
8248	6000
8249	6149
8250	180
8251	8071
8252	6440
8253	1970
8254	8038
8255	5791
8256	7844
8257	5126
8258	5634
8259	9045
8260	1654
8261	7752
8262	3913
8263	7407
8264	2571
8265	1170
8266	7377
8267	5149
8268	5831
8269	5228
8270	3236
8271	4780
8272	8867
8273	2579
8274	2885
8275	4013
8276	1213
8277	2053
8278	995
8279	2879
8280	8730
8281	4180
8282	5278
8283	2024
8284	1050
8285	3657
8286	476
8287	7769
8288	6147
8289	7507
8290	1140
8291	3948
8292	313
8293	2581
8294	8708
8295	2630
8296	3394
8297	3389
8298	826
8299	7601
8300	4337
8301	3099
8302	6375
8303	7405
8304	4083
8305	4653
8306	5185
8307	5689
8308	5777
8309	7640
8310	819
8311	2235
8311	4993
8312	7261
8313	6125
8314	7356
8315	500
8316	8128
8317	626
8318	5733
8319	1244
8320	1099
8321	6322
8322	9171
8323	3331
8324	7928
8325	5594
8326	6968
8327	1040
8327	8677
8328	7877
8329	350
8330	1002
8331	464
8332	1030
8333	4480
8334	1975
8335	775
8336	1833
8337	2363
8338	3112
8339	8516
8340	7950
8341	3478
8342	670
8343	8073
8344	6796
8345	4476
8346	9108
8347	2046
8348	6905
8349	9018
8350	8563
8351	7583
8352	3249
8353	5038
8354	5530
8355	4706
8356	8796
8357	1360
8358	1052
8359	9139
8360	6072
8361	1171
8362	6694
8363	4175
8364	9157
8365	5663
8366	5705
8367	2274
8368	2668
8369	3729
8370	7793
8371	7190
8372	102
8373	5642
8374	8930
8375	8829
8376	2035
8377	444
8378	7627
8379	200
8380	5616
8381	6082
8382	1792
8383	9292
8384	7398
8385	1073
8386	1866
8387	3006
8388	4035
8389	7476
8390	4060
8391	8863
8392	3040
8393	7725
8394	9267
8395	319
8396	4113
8397	3430
8398	7807
8399	6319
8400	4325
8401	601
8402	8946
8403	7846
8404	2482
8405	4434
8406	3945
8407	8496
8408	7843
8409	5342
8410	5735
8411	8737
8412	3183
8413	7050
8414	1497
8415	535
8416	5018
8417	5796
8418	8559
8419	1237
8420	1123
8421	8576
8422	6733
8423	6627
8424	4664
8425	7076
8426	1084
8427	1757
8428	7755
8429	5073
8430	5205
8431	858
8432	7652
8433	2662
8434	1390
8435	897
8436	2196
8437	8192
8438	5057
8439	8878
8440	7809
8441	5627
8442	3477
8443	5785
8444	1143
8445	5953
8446	2228
8447	128
8448	6793
8449	1606
8450	9333
8451	7395
8452	1230
8453	689
8454	1145
8455	4535
8456	11
8457	3855
8458	887
8459	4630
8460	981
8461	5326
8462	632
8463	438
8464	4458
8465	5614
8466	4850
8467	2963
8468	2379
8469	6963
8470	1641
8471	3157
8472	1482
8473	1479
8474	4464
8475	693
8476	6756
8477	2438
8478	2043
8479	7417
8480	6798
8481	6942
8482	2233
8482	8676
8483	7447
8484	4200
8485	1761
8486	736
8487	6188
8488	5398
8489	7787
8490	2933
8491	6843
8492	3578
8493	7912
8494	2784
8494	8932
8495	4673
8496	699
8497	8406
8498	5397
8499	1182
8500	5872
8501	9144
8502	271
8503	9306
8504	2174
8505	4857
8506	7376
8507	6382
8508	3746
8509	7936
8510	7586
8511	4291
8512	4738
8513	4391
8514	4908
8515	863
8516	8909
8517	8338
8518	3161
8519	5618
8520	6385
8521	1535
8522	1863
8523	2550
8524	1556
8525	7820
8526	2202
8527	6019
8528	589
8529	3337
8530	4568
8531	2845
8532	4651
8533	8197
8534	3743
8535	7982
8536	9219
8537	1341
8538	189
8539	4075
8540	6820
8541	4797
8542	5375
8543	6753
8544	3833
8545	7065
8546	6396
8547	777
8548	1832
8549	188
8550	3124
8551	2484
8552	3341
8553	7329
8554	4134
8555	1966
8556	4508
8557	4436
8558	8419
8559	3510
8560	1788
8561	5883
8562	8351
8563	2568
8564	5670
8565	1923
8566	1612
8567	8968
8568	7390
8569	3678
8570	5152
8571	8712
8572	5909
8573	4844
8574	2563
8575	2687
8576	5804
8577	8420
8578	4340
8578	8918
8579	7616
8580	1025
8581	3306
8582	1803
8583	5933
8584	2031
8585	4725
8586	3163
8587	752
8588	8009
8589	4381
8590	3248
8591	6249
8592	1467
8593	6337
8594	7570
8595	6247
8596	5864
8597	5603
8598	187
8599	4582
8600	1545
8601	7881
8602	5531
8603	3638
8604	4826
8605	568
8605	4541
8605	8939
8606	6499
8607	3218
8608	8020
8609	799
8610	4893
8611	5280
8612	1781
8613	7355
8614	4937
8615	8113
8616	6289
8617	2690
8618	3414
8619	6446
8620	5066
8621	8180
8622	2689
8623	2880
8624	5835
8625	198
8626	4655
8627	1049
8628	1814
8629	7774
8630	6583
8631	6020
8632	7241
8633	2460
8634	505
8635	1721
8636	1062
8637	5269
8638	2191
8639	6724
8639	7097
8640	2315
8641	7365
8642	399
8643	6475
8644	5869
8645	8173
8646	3596
8647	54
8648	4945
8649	3582
8650	9303
8651	6404
8652	7352
8653	1682
8654	6987
8655	7592
8656	1279
8657	7674
8658	5834
8659	5854
8660	5445
8661	6504
8662	6982
8663	76
8664	374
8665	7834
8666	4326
8667	4334
8668	839
8669	8007
8670	6711
8671	3709
8672	7978
8673	8929
8674	7869
8675	5880
8676	6468
8676	8326
8677	8483
8678	1373
8679	5142
8680	4716
8681	5141
8682	2512
8683	2588
8684	756
8685	963
8686	2370
8687	1696
8688	4555
8689	9048
8690	4499
8691	6415
8692	3816
8693	485
8694	628
8695	7922
8696	1570
8697	8962
8698	691
8699	2694
8700	8754
8701	3832
8702	6146
8703	4722
8704	6610
8705	7404
8706	3121
8707	488
8708	1622
8709	8295
8710	2180
8710	4564
8710	7155
8711	860
8712	1936
8713	8570
8714	1035
8715	5194
8716	621
8717	157
8718	7500
8719	4390
8720	3927
8721	5591
8722	5878
8723	4549
8724	2908
8725	9044
8726	4228
8727	731
8728	745
8729	6122
8730	7871
8731	8281
8732	677
8733	3222
8734	4443
8735	1507
8736	8410
8737	1627
8738	6362
8739	9269
8740	7026
8741	917
8742	2679
8743	6439
8744	5764
8745	1917
8746	1317
8747	5214
8748	6536
8749	3623
8750	5845
8751	2995
8752	7396
8753	1498
8754	3586
8755	8701
8756	99
8757	2755
8758	5380
8759	9167
8760	4573
8761	7331
8762	8078
8763	9107
8764	7150
8765	497
8766	7525
8767	9081
8768	2914
8769	7042
8770	5386
8771	6520
8772	6817
8773	4815
8774	7130
8775	7719
8776	3906
8777	326
8778	625
8778	7404
8778	8124
8779	8064
8780	6918
8781	6673
8782	808
8783	6164
8784	2413
8785	570
8786	784
8787	2140
8788	1981
8789	6513
8790	7594
8791	2874
8792	4872
8793	7513
8794	8996
8795	2893
8796	8099
8797	8357
8798	8225
8799	2109
8800	6530
8801	4229
8802	208
8803	2077
8804	7664
8805	46
8806	2902
8807	1356
8808	1993
8809	6880
8810	5929
8811	5994
8812	26
8813	9148
8814	1399
8815	4613
8816	5941
8817	2316
8818	1304
8818	5659
8818	6202
8819	8118
8820	3686
8821	2137
8822	257
8823	4737
8824	8093
8825	2837
8826	336
8827	1650
8828	8374
8829	2047
8830	4396
8831	3977
8832	4143
8833	1601
8834	2455
8835	2090
8836	5696
8837	1731
8837	5675
8838	3312
8839	5116
8840	2669
8841	7085
8842	274
8843	4924
8844	1810
8845	6904
8846	3901
8847	8032
8848	1075
8849	4698
8850	1273
8851	2471
8852	7688
8853	2139
8854	1015
8855	1875
8856	9209
8857	3137
8858	7789
8859	1748
8860	8127
8861	9046
8862	8390
8863	5900
8864	2042
8865	3645
8866	8273
8867	7523
8868	3723
8869	552
8870	1883
8871	797
8872	3552
8873	6571
8874	6641
8875	2806
8876	1081
8877	592
8878	5772
8879	8438
8880	6606
8881	6980
8882	5542
8883	2087
8884	6032
8885	6270
8886	6977
8887	2231
8888	835
8888	5030
8889	43
8890	6265
8891	6935
8892	5997
8893	1295
8894	511
8895	1707
8896	5166
8897	682
8898	3754
8899	8158
8900	3315
8901	3461
8902	6747
8903	941
8904	7913
8905	3169
8906	5329
8907	3091
8907	8125
8908	8517
8909	107
8910	8195
8911	4556
8912	6861
8913	1418
8914	1096
8915	7453
8916	1915
8917	6377
8918	5476
8919	8579
8920	3233
8921	2946
8922	2098
8923	4511
8924	5393
8925	1246
8926	6186
8927	6400
8928	8672
8929	9327
8930	4883
8931	8375
8932	5540
8933	8495
8934	5732
8935	5131
8936	5179
8937	5372
8938	3603
8938	8604
8939	1080
8940	7399
8941	591
8942	2136
8943	6839
8944	5406
8945	940
8946	104
8947	8403
8948	6012
8949	5249
8950	2017
8951	844
8952	4987
8953	9285
8954	641
8955	8120
8956	967
8957	2808
8958	2006
8959	6928
8960	6549
8961	3575
8962	5555
8962	7589
8963	8696
8964	6705
8965	4942
8966	2158
8967	3811
8968	7889
8969	8566
8970	2688
8971	7595
8972	796
8973	1508
8974	7548
8975	5086
8976	1978
8977	6448
8978	317
8979	4210
8980	7211
8981	1
8982	1950
8983	7831
8984	2800
8985	3220
8986	3440
8987	4159
8988	4559
8989	6295
8990	933
8991	822
8992	1579
8993	248
8994	1947
8995	8033
8996	7661
8997	8795
8998	8216
8999	1642
9000	2601
9001	5582
9002	6287
9003	6034
9004	2295
9005	6450
9006	4591
9007	9126
9008	2991
9009	3254
9010	5328
9011	2267
9012	6538
9013	3472
9014	3866
9015	113
9016	2524
9017	6397
9018	5148
9019	8348
9020	6586
9021	4859
9022	277
9023	2319
9024	5340
9025	3007
9026	1305
9026	2131
9027	6544
9028	4956
9029	3162
9030	9192
9031	1366
9032	5010
9033	7804
9034	7587
9035	4463
9036	1631
9037	4056
9038	368
9039	4988
9040	8097
9041	8210
9042	9227
9043	1925
9044	8258
9045	8724
9046	7389
9047	8860
9048	114
9049	8688
9050	6076
9050	7476
9051	5832
9052	2680
9052	4716
9053	1790
9054	6085
9055	3153
9056	5439
9057	4820
9058	6055
9059	2018
9060	7585
9061	5931
9062	7314
9063	2927
9064	3556
9065	1313
9066	6961
9067	9218
9068	2795
9069	5645
9070	8165
9071	7480
9072	471
9073	7310
9074	1332
9075	6150
9076	2516
9077	2392
9078	7270
9079	3448
9080	8766
9081	3483
9082	3269
9083	3019
9084	4150
9085	1704
9086	21
9087	1884
9088	5160
9089	3195
9090	5084
9091	7561
9092	1343
9093	6763
9094	2979
9095	3257
9096	4658
9097	7420
9098	1806
9099	1767
9100	2586
9101	8022
9102	7242
9103	9262
9104	6469
9105	5711
9106	8762
9107	7256
9108	1437
9109	8347
9110	895
9111	2208
9112	4207
9113	3167
9114	1252
9115	7952
9116	1640
9117	4755
9118	4142
9119	8121
9120	1830
9121	5401
9122	750
9123	7136
9124	3130
9125	7445
9126	1956
9126	8018
9127	9006
9128	1109
9129	3370
9130	3443
9131	135
9132	922
9133	1801
9134	848
9135	2730
9136	768
9137	3260
9138	8358
9139	7465
9140	69
9141	5669
9142	6867
9143	2884
9144	4640
9145	8500
9146	4594
9147	5730
9148	5546
9149	8812
9150	241
9151	5034
9152	2646
9153	7017
9154	2141
9155	412
9156	8365
9157	2952
9158	1979
9159	3309
9160	7276
9161	6029
9162	7953
9163	4383
9164	8117
9165	3123
9166	8758
9167	1108
9168	4509
9169	480
9170	8323
9171	5114
9172	28
9172	529
9173	7705
9174	6428
9175	3356
9176	2913
9177	2745
9178	5969
9179	5387
9180	4870
9181	7437
9182	7391
9183	9334
9184	3241
9185	2627
9186	7874
9187	499
9188	3659
9189	7045
9190	2170
9191	3084
9192	2010
9193	9031
9194	186
9195	3839
9196	7971
9197	4230
9198	1461
9199	574
9200	1371
9201	5947
9202	774
9203	4103
9204	6124
9205	2801
9206	5252
9206	5882
9207	4091
9208	8857
9209	3606
9210	7192
9211	9217
9212	3023
9213	7863
9214	7176
9215	1044
9216	9210
9217	5576
9218	8537
9219	9066
9220	287
9221	3159
9222	8169
9223	7970
9224	8083
9225	5323
9226	9043
9227	7002
9228	5422
9229	407
9230	7321
9231	7131
9232	1959
9233	5013
9234	2848
9235	5196
9236	1150
9237	1791
9238	3339
9238	5213
9239	5413
9240	2566
9241	5661
9242	3424
9243	2357
9244	6037
9245	6203
9246	7434
9247	2940
9248	2007
9249	1750
9250	3854
9251	4915
9252	4058
9253	766
9254	7457
9255	1877
9256	6324
9257	7886
9258	421
9259	4676
9260	7857
9261	415
9262	2819
9263	9102
9264	908
9265	4361
9266	8395
9267	6480
9268	8738
9269	4392
9270	5722
9271	5946
9272	4401
9273	4692
9274	4696
9275	8005
9276	6080
9277	1772
9278	1551
9278	2079
9278	5912
9279	1879
9279	2092
9279	4058
9279	5218
9279	6394
9280	6242
9281	7185
9282	4202
9283	4105
9284	8952
9285	2154
9286	7064
9287	1101
9288	4253
9289	2437
9290	4251
9291	211
9292	6825
9293	8382
9294	6911
9295	5544
9296	7274
9297	5687
9298	4169
9299	4008
9300	454
9301	93
9302	8651
9303	7095
9304	7239
9305	6001
9306	5251
9307	8502
9308	6269
9309	1007
9310	2070
9311	1346
9312	7609
9313	5889
9314	250
9315	6659
9316	836
9317	6953
9318	6463
9319	6414
9320	7309
9321	4796
9322	8147
9323	7306
9324	6248
9325	7351
9326	8928
9327	2339
9328	7890
9329	4234
9330	6298
9331	6979
9332	8451
9333	6198
9334	5852
9335	9182
9336	2060
9337	2125
