0	2
2	3715
3	1
4	3713
5	3714
6	8
7	3708
8	3707
9	7
10	12
11	3706
12	3705
13	11
14	3703
15	3704
16	3701
17	3702
18	20
19	3700
20	3699
21	19
22	3697
23	3698
24	3693
25	3694
26	3691
27	3692
28	30
29	3690
30	3689
31	29
32	3685
33	3686
34	36
35	3684
36	3683
37	35
38	40
39	3674
40	3716
41	39
42	3671
43	3672
44	3669
45	3670
46	3661
47	3662
48	3659
49	3660
50	3655
51	3656
52	54
53	3652
54	56
55	53
56	58
57	55
58	60
59	57
60	3651
61	59
62	3645
63	3646
64	3643
65	3644
66	68
67	3636
68	3635
69	67
70	3633
71	3634
72	2011
72	3619
73	3620
74	2764
74	3617
75	3618
76	3611
77	3612
78	3609
79	3610
80	3607
81	3608
82	84
83	3602
84	3601
85	83
86	88
87	3600
88	3599
89	87
90	92
91	3594
92	94
93	91
94	3593
95	93
96	98
97	3590
98	3589
99	97
100	102
101	3586
102	104
103	101
104	3585
105	103
106	3581
107	3582
108	110
109	3578
110	3577
111	109
112	114
113	3574
114	3718
115	113
116	3573
117	3719
118	3569
119	3570
120	122
121	3568
122	124
123	121
124	126
125	123
126	128
127	125
128	130
129	127
130	3567
131	129
132	3559
133	3560
134	3555
135	3556
136	138
137	3554
138	3553
139	137
140	3549
141	3550
142	144
143	3548
144	3547
145	143
146	3545
147	3546
148	150
149	3542
150	152
151	149
152	154
153	151
154	156
155	153
156	158
157	155
158	160
159	157
160	3541
161	159
162	3539
163	3540
164	242
164	3537
165	3538
166	3529
167	3530
168	3525
169	3526
170	172
171	3524
172	174
173	171
174	176
175	173
176	3523
177	175
178	3521
179	3522
180	3517
181	3518
182	3515
183	3516
184	3511
185	3512
186	3505
187	3506
188	3503
189	3504
190	192
191	3502
192	3501
193	191
194	196
195	3498
196	3497
197	195
198	200
199	3492
200	202
201	199
202	3720
203	201
204	3489
205	3490
206	3487
207	3488
208	3483
209	3484
210	3481
211	3482
212	214
213	3476
214	3475
215	213
216	218
217	3474
218	220
219	217
220	3473
221	219
222	224
223	3472
224	3471
225	223
226	3463
227	3464
228	230
229	3460
230	3459
231	229
232	3455
233	3456
234	236
235	3454
236	3453
237	235
238	3447
239	3448
240	242
241	3446
242	244
243	165
243	241
244	3445
245	243
246	3443
247	3444
248	3439
249	3440
250	3437
251	3438
252	3433
253	3434
254	256
255	3430
256	3429
257	255
258	3427
259	3428
260	3423
261	3424
262	264
263	3420
264	3419
265	263
266	3417
267	3418
268	270
269	3412
270	272
271	269
272	3411
273	271
274	3409
275	3410
276	3407
277	3408
278	280
279	3406
280	3405
281	279
282	3722
283	3402
284	286
285	3723
286	288
287	285
288	3401
289	287
290	292
291	3400
292	3399
293	291
294	3391
295	3392
296	298
297	3388
298	300
299	297
300	302
301	299
302	304
303	301
304	306
305	303
306	3387
307	305
308	3383
309	3384
310	3381
311	3382
312	314
313	3380
314	3379
315	313
316	318
317	3372
318	3371
319	317
320	3367
321	3368
322	3361
323	3362
324	3355
325	3356
326	328
327	3350
328	3349
329	327
330	3339
331	3340
332	334
333	558
333	3338
334	336
335	333
336	3337
337	335
338	340
339	3334
340	3333
341	339
342	344
343	3326
344	3325
345	343
346	348
347	3322
348	3321
349	347
350	352
351	3320
352	3319
353	351
354	3313
355	3314
356	358
357	3310
358	3309
359	357
360	3307
361	3308
362	364
363	3306
364	3305
365	363
366	368
367	3304
368	370
369	367
370	372
371	369
372	3303
373	371
374	3297
375	3298
376	3295
377	3296
378	380
379	3294
380	3293
381	379
381	578
382	3291
383	3292
384	3287
385	3288
386	388
387	3286
388	390
389	387
390	3285
391	389
392	394
393	3284
394	396
395	393
396	3283
397	395
398	400
399	3282
400	3281
401	399
402	3275
403	3276
404	406
405	3274
406	3273
407	405
408	410
409	3270
410	3269
411	409
412	3267
413	3268
414	3263
415	3264
416	418
417	3262
418	3261
419	417
420	3259
421	3260
422	3724
423	3252
424	426
425	3725
426	3251
427	425
428	430
429	3248
430	3247
431	429
432	434
433	3246
434	3245
435	433
436	438
437	3242
438	3241
439	437
440	3237
441	3238
442	3233
443	3234
444	446
445	3232
446	448
447	445
448	3231
449	447
450	3229
451	3230
452	3217
453	3218
454	3211
455	3212
456	458
457	3210
458	460
459	457
460	3209
461	459
462	464
463	3204
464	3203
465	463
466	3199
467	3200
468	3195
469	3196
470	3191
471	3192
472	3189
473	3190
474	3187
475	3188
476	3185
477	3186
478	480
479	3182
480	3181
481	479
482	3177
483	3178
484	486
485	3174
486	3173
487	485
488	3169
489	3170
490	3165
491	3166
492	3163
493	3164
494	496
495	3162
496	498
497	495
498	3161
499	497
500	3153
501	3154
502	3149
503	3150
504	3147
505	3148
506	3141
507	3142
508	3139
509	3140
510	3137
511	3138
512	3135
513	3136
514	516
515	3134
516	518
517	515
518	3133
519	517
520	522
521	3130
522	524
523	521
524	3129
525	523
526	528
527	3128
528	3127
529	527
530	3125
531	3126
532	3123
533	3124
534	3121
535	3122
536	3119
537	3120
538	3109
539	3110
540	3105
541	3106
542	544
543	3104
544	546
545	543
546	3103
547	545
548	3101
549	3102
550	552
551	3100
552	554
553	551
554	3099
555	553
556	3097
557	3098
558	560
559	332
559	3096
560	562
561	559
562	564
563	561
564	3095
565	563
566	3093
567	3094
568	3091
569	3092
570	3087
571	3088
572	574
573	3086
574	3085
575	573
576	3077
577	3078
578	3075
579	380
579	3076
580	582
581	3074
582	3073
583	581
584	3071
585	3072
586	588
587	3070
588	3069
589	587
590	592
591	3066
592	594
593	591
594	596
595	593
596	3065
597	595
598	3063
599	3064
600	602
601	3062
602	3061
603	601
604	606
605	3058
606	3057
607	605
608	610
609	3052
610	612
611	609
612	3051
613	611
614	3049
615	3050
616	3047
617	3048
618	3043
619	3044
620	622
621	3038
622	3037
623	621
624	3035
625	3729
626	3033
627	3034
628	3031
629	3032
630	3029
631	3030
632	634
633	3028
634	3027
635	633
636	3025
637	3026
638	3023
639	3024
640	3021
641	3022
642	3019
643	3020
644	3007
645	3008
646	648
647	3006
648	650
649	647
650	652
651	649
652	3005
653	651
654	656
655	3002
656	658
657	655
658	660
659	657
660	662
661	659
662	664
663	661
664	3001
665	663
666	2999
667	3000
668	2302
668	2995
669	2996
670	2987
671	2988
672	674
673	2986
674	676
675	673
676	2985
677	675
678	2983
679	2984
680	682
681	2982
682	2981
683	681
684	2977
685	2978
686	2975
687	2976
688	690
689	2974
690	2973
691	689
692	2971
693	2972
694	2967
695	2968
696	2965
697	2966
698	2963
699	2964
700	702
701	2958
702	2455
702	2957
703	701
704	2955
705	2956
706	2949
707	2950
708	2945
709	2946
710	2943
711	2944
712	2941
713	2942
714	716
715	2464
715	2940
716	2939
717	715
718	720
719	2938
720	2937
721	719
722	2935
723	2936
724	726
725	2932
726	728
727	725
728	2931
729	727
730	732
731	2928
732	2927
733	731
734	736
735	2926
736	2925
737	735
738	2923
739	2924
740	742
741	2922
742	744
743	741
744	746
745	743
746	748
747	745
748	2921
749	747
750	752
751	2920
752	2919
753	751
754	2917
755	2918
756	2915
757	2916
758	2913
759	2914
760	2911
761	2912
762	2909
763	2910
764	766
765	2906
766	2905
767	765
768	770
769	2904
770	2903
771	769
772	774
773	2900
774	2899
775	773
776	778
777	2898
778	780
779	777
780	782
781	779
782	2897
783	781
784	786
785	2896
786	788
787	785
788	2895
789	787
790	2891
791	2892
792	2889
793	2890
794	796
795	2886
796	798
797	795
798	800
799	797
800	802
801	799
802	2885
803	801
804	2881
805	2882
806	808
807	2880
808	810
809	807
810	2879
811	809
812	2873
813	2874
814	2871
815	2872
816	2869
817	819
817	2870
818	816
818	822
819	821
820	818
821	2868
822	2867
823	819
824	826
825	2866
826	828
827	825
828	830
828	2765
829	827
830	832
831	829
832	2865
833	831
834	2863
835	2864
836	838
837	2862
838	2861
839	837
840	2859
841	2860
842	2855
843	2856
844	1488
844	2853
845	2854
846	848
847	2852
848	850
849	847
850	852
851	849
852	2851
853	851
854	2849
855	2850
856	858
857	2846
858	2845
859	857
860	862
861	2842
862	864
863	861
864	866
865	863
866	2841
867	865
868	870
869	2840
870	2839
871	869
872	2831
873	2832
874	876
875	2826
876	2825
877	875
878	2821
879	2822
880	882
881	2820
882	2819
883	881
884	2817
885	2818
886	2815
887	2816
888	890
889	2804
890	2803
891	889
892	894
893	2798
894	2797
895	893
896	2795
897	2796
898	900
899	2794
900	2793
901	899
902	904
903	2790
904	906
905	903
906	908
907	905
908	2789
909	907
910	2787
911	2788
912	2779
913	2780
914	916
915	2778
916	2777
917	915
918	2775
919	2776
920	922
921	2772
922	2771
923	921
924	2767
925	2768
926	928
927	2762
928	930
929	927
930	932
931	929
932	2761
933	931
934	2759
935	2760
936	2751
937	2752
938	940
939	2748
940	2747
941	939
942	2743
943	2744
944	946
945	2730
946	2729
947	945
948	950
949	2728
950	952
951	949
952	954
953	951
954	2727
955	953
956	2721
957	2722
958	960
959	2718
960	2717
961	959
962	964
963	2714
964	2713
965	963
966	2709
967	2710
968	2707
969	2708
970	2705
971	2706
972	2703
973	2704
974	2701
975	2702
976	2699
977	2700
978	2697
979	2698
980	982
981	2696
982	984
983	981
984	986
985	983
986	988
987	985
988	990
989	987
990	2695
991	989
992	2691
993	2692
994	996
995	2688
996	998
997	995
998	2687
999	997
1000	2683
1001	2684
1002	1004
1003	2682
1004	2681
1005	1003
1006	1930
1006	2675
1007	2676
1008	2673
1009	2674
1010	2669
1011	2670
1012	2667
1013	2668
1014	2665
1015	2666
1016	1018
1017	2664
1018	2663
1019	1017
1020	1022
1021	2660
1022	1024
1023	1021
1024	2659
1025	1023
1026	2657
1027	2658
1028	2655
1029	2656
1030	1032
1031	2650
1032	2649
1033	1031
1034	1036
1035	2648
1036	2647
1037	1035
1038	2639
1039	2640
1040	1042
1041	2636
1042	1044
1043	1041
1044	2635
1045	1043
1046	2633
1047	2634
1048	1050
1049	2616
1050	2615
1051	1049
1052	1054
1053	2614
1054	1056
1055	1053
1056	1058
1057	1055
1058	1060
1059	1057
1060	1062
1061	1059
1062	2613
1063	1061
1064	2607
1065	2608
1066	2605
1067	2606
1068	1070
1069	2602
1070	1072
1071	1069
1072	2601
1073	1071
1074	1076
1075	2600
1076	1078
1077	1075
1078	2599
1079	1077
1080	2593
1081	2594
1082	1084
1083	2590
1084	1086
1085	1083
1086	2589
1087	1085
1088	2510
1088	2587
1089	2588
1090	2585
1091	2586
1092	2583
1093	2584
1094	1096
1095	2580
1096	2579
1097	1095
1098	2571
1099	2572
1100	1102
1101	2570
1102	1104
1103	1101
1104	1106
1105	1103
1106	1108
1107	1105
1108	2569
1109	1107
1110	1112
1111	2558
1112	2557
1113	1111
1114	1116
1115	2554
1116	2553
1117	1115
1118	2551
1119	2552
1120	2549
1121	2550
1122	1124
1123	2546
1124	2545
1125	1123
1126	2543
1127	2544
1128	2541
1129	3737
1130	1132
1131	2540
1132	2539
1133	1131
1134	2537
1135	2538
1136	1138
1137	2536
1138	1140
1139	1137
1140	1142
1141	1139
1142	2535
1143	1141
1144	1146
1145	2534
1146	2533
1147	1145
1148	1150
1149	2530
1150	1152
1151	1149
1152	1154
1153	1151
1154	1156
1155	1153
1156	1158
1157	1155
1158	2529
1159	1157
1160	2525
1161	2526
1162	1164
1163	2524
1164	1166
1165	1163
1166	1168
1167	1165
1168	2523
1169	1167
1170	2517
1171	2518
1172	1174
1173	2516
1174	2515
1175	1173
1176	2513
1177	2514
1178	1180
1179	2512
1180	2511
1181	1179
1182	2509
1183	2510
1184	2501
1185	2502
1186	2499
1187	2500
1188	1190
1189	2498
1190	2497
1191	1189
1192	2489
1193	2490
1194	2487
1195	2488
1196	2485
1197	2486
1198	2483
1199	2484
1200	1202
1201	2480
1202	2479
1203	1201
1204	2473
1205	2474
1206	2471
1207	2472
1208	2469
1209	2470
1210	2467
1211	2468
1212	2465
1213	2466
1214	2459
1215	2460
1216	1218
1217	2458
1218	2457
1219	1217
1220	1222
1221	2456
1222	2455
1223	1221
1224	2453
1225	2454
1226	1228
1227	2448
1228	2447
1229	1227
1230	1232
1231	2446
1232	1234
1233	1231
1234	2445
1235	1233
1236	2443
1237	2444
1238	2441
1239	2442
1240	2437
1241	2438
1242	2435
1243	2436
1244	2433
1245	2434
1246	1248
1247	2432
1248	1250
1249	1247
1250	2431
1251	1249
1252	1254
1253	2430
1254	2429
1255	1253
1256	1258
1257	2426
1258	2425
1259	1257
1260	2423
1261	2424
1262	1264
1263	2420
1264	2419
1265	1263
1266	2411
1267	3739
1268	1270
1269	2408
1270	2407
1271	1269
1272	1274
1273	2406
1274	2405
1275	1273
1276	2403
1277	2404
1278	2397
1279	2398
1280	2393
1281	2394
1282	2391
1283	2392
1284	2389
1285	2390
1286	1288
1287	2388
1288	2387
1289	1287
1290	2385
1291	2386
1292	2383
1293	2384
1294	2379
1295	2380
1296	2377
1297	2378
1298	2373
1299	2374
1300	2371
1301	2372
1302	2369
1303	2370
1304	1306
1305	2368
1306	2367
1307	1305
1307	1655
1308	1310
1309	2362
1310	2361
1311	1309
1312	2359
1313	2360
1314	2357
1315	2358
1316	1318
1317	2356
1318	1320
1319	1317
1320	1322
1321	1319
1322	1324
1323	1321
1324	2355
1325	1323
1326	1328
1327	2354
1328	1330
1329	1327
1330	2353
1331	1329
1332	1334
1333	2348
1334	1336
1335	1333
1336	2347
1337	1335
1338	1340
1339	2346
1340	2345
1341	1339
1342	2343
1343	2344
1344	2341
1345	2342
1346	1348
1347	2340
1348	2339
1349	1347
1350	2337
1351	2338
1352	1354
1353	2334
1354	1356
1355	1353
1356	3740
1357	1355
1358	2333
1359	3741
1360	1362
1361	2332
1362	1364
1363	1361
1364	1366
1365	1363
1366	2331
1367	1365
1368	1370
1369	2322
1370	1372
1371	1369
1372	1374
1373	1371
1374	1376
1375	1373
1376	1378
1377	1375
1378	1380
1379	1377
1380	1382
1381	1379
1382	1384
1383	1381
1384	1386
1385	1383
1386	1388
1387	1385
1388	2321
1389	1387
1390	2319
1391	2320
1392	1394
1393	2316
1394	2315
1395	1393
1396	2313
1397	2314
1398	2311
1399	2312
1400	2309
1401	2310
1402	1404
1403	2308
1404	2307
1405	1403
1406	1408
1407	2306
1408	1410
1409	1407
1410	2305
1411	1409
1412	2299
1413	2300
1414	2297
1415	2298
1416	1418
1417	2296
1418	2295
1419	1417
1420	1422
1421	2292
1422	2291
1423	1421
1424	2287
1425	2288
1426	2285
1427	2286
1428	2283
1429	2284
1430	2281
1431	2282
1432	2279
1433	2280
1434	2277
1435	2278
1436	1438
1437	2276
1438	2275
1439	1437
1440	1442
1441	2274
1442	2273
1443	1441
1444	2263
1445	2264
1446	1448
1447	2262
1448	2261
1449	1447
1450	2259
1451	2260
1452	1454
1453	3743
1454	2257
1455	1453
1456	2255
1457	2256
1458	2253
1459	2254
1460	2245
1461	2246
1462	2243
1463	2244
1464	2241
1465	2242
1466	1468
1467	2240
1468	2239
1469	1467
1470	1472
1471	2238
1472	2237
1473	1471
1474	2233
1475	2234
1476	2223
1477	2224
1478	1480
1479	2222
1480	2221
1481	1479
1482	2219
1483	2220
1484	2215
1485	2216
1486	2213
1487	2214
1488	2209
1489	845
1489	2210
1490	2207
1491	2208
1492	1494
1493	2204
1494	2203
1495	1493
1496	2199
1497	2200
1498	2197
1499	2198
1500	1502
1501	2196
1502	1504
1503	1501
1504	2195
1505	1503
1506	2193
1507	2194
1508	2191
1509	2192
1510	1512
1511	2190
1512	1514
1513	1511
1514	1516
1515	1513
1516	2189
1517	1515
1518	2177
1519	2178
1520	1522
1521	2176
1522	1524
1523	1521
1524	2175
1525	1523
1526	2171
1527	2172
1528	3744
1529	2166
1530	2157
1531	2158
1532	2155
1533	2156
1534	1536
1535	2146
1536	1538
1537	1535
1538	1540
1539	1537
1540	1542
1541	1539
1542	2145
1543	1541
1544	1546
1545	2138
1546	2137
1547	1545
1548	2135
1549	2136
1550	2129
1551	2130
1552	2127
1553	2128
1554	1556
1555	2126
1556	1558
1557	1555
1558	2125
1559	1557
1560	2121
1561	2122
1562	1564
1563	2120
1564	2119
1565	1563
1566	2115
1567	2116
1568	2113
1569	2114
1570	2109
1571	2110
1572	1574
1573	2108
1574	2107
1575	1573
1576	2103
1577	2104
1578	2099
1579	2100
1580	1582
1581	2094
1582	1584
1583	1581
1584	2093
1585	1583
1586	1588
1587	2092
1588	1590
1589	1587
1590	2091
1591	1589
1592	1594
1593	2088
1594	2087
1595	1593
1596	1598
1597	2084
1598	2083
1599	1597
1600	2079
1601	2080
1602	2077
1603	2078
1604	1606
1605	2074
1606	3746
1607	1605
1608	2069
1609	2070
1610	2067
1611	2068
1612	2065
1613	2066
1614	1616
1615	2064
1616	1618
1617	1615
1618	2063
1619	1617
1620	1622
1621	2062
1622	2061
1623	1621
1624	2051
1625	2052
1626	2049
1627	2050
1628	2047
1629	2048
1630	1632
1631	2046
1632	2045
1633	1631
1634	1636
1635	2044
1636	1638
1637	1635
1638	2043
1639	1637
1640	2041
1641	2042
1642	2039
1643	2040
1644	2037
1645	2038
1646	1648
1647	2036
1648	1650
1649	1647
1650	1652
1651	1649
1652	1654
1653	1651
1654	1306
1654	1656
1655	1653
1656	2035
1657	1655
1658	2033
1659	2034
1660	2029
1661	2030
1662	2027
1663	2028
1664	2023
1665	2024
1666	1668
1667	2022
1668	2021
1669	1667
1670	2019
1671	2020
1672	2009
1673	2010
1674	2005
1675	2006
1676	1678
1677	2004
1678	1680
1679	1677
1680	1682
1681	1679
1682	2003
1683	1681
1684	1999
1685	2000
1686	1997
1687	1998
1688	1995
1689	1996
1690	1692
1691	1992
1692	1991
1693	1691
1694	1987
1695	1988
1696	1983
1697	1984
1698	1700
1699	1982
1700	1702
1701	1699
1702	1704
1703	1701
1704	1981
1705	1703
1706	1708
1707	1978
1708	1710
1709	1707
1710	1977
1711	1709
1712	1714
1713	1970
1714	3748
1715	1713
1716	1718
1717	1966
1718	1965
1719	1717
1720	1963
1721	1964
1722	1724
1723	1962
1724	1726
1725	1723
1726	1961
1727	1725
1728	1959
1729	1960
1730	1732
1731	1958
1732	1957
1733	1731
1734	1955
1735	1956
1736	1738
1737	1952
1738	1951
1739	1737
1740	1742
1741	1950
1742	1949
1743	1741
1744	1746
1745	1948
1746	1748
1747	1745
1748	1947
1749	1747
1750	1752
1751	1946
1752	1945
1753	1751
1754	1943
1755	1944
1756	1941
1757	1942
1758	1937
1759	1938
1760	1933
1761	1934
1762	1764
1763	1928
1764	1927
1765	1763
1766	1925
1767	1926
1768	1923
1769	1924
1770	1917
1771	1918
1772	1915
1773	1916
1774	1776
1775	1912
1776	1778
1777	1775
1778	1911
1779	1777
1780	1905
1781	1906
1782	1903
1783	1904
1784	1786
1785	1900
1786	1788
1787	1785
1788	1899
1789	1787
1790	1895
1791	1896
1792	1891
1793	1892
1794	1796
1795	1888
1796	1798
1797	1795
1798	1800
1799	1797
1800	1802
1801	1799
1802	3750
1803	1801
1804	1887
1805	3751
1806	1885
1807	1886
1808	1883
1809	1884
1810	1812
1811	1872
1812	1871
1813	1811
1814	1869
1815	1870
1816	1818
1817	1864
1818	1820
1819	1817
1820	1822
1821	1819
1822	1863
1823	1821
1824	1861
1825	1862
1826	1857
1827	1858
1828	1851
1829	1852
1830	1847
1831	1848
1832	1845
1833	1846
1834	1836
1835	1844
1836	1838
1837	1835
1838	1843
1839	1837
1840	1842
1842	1839
1843	1841
1844	1833
1845	1834
1846	1831
1847	1832
1848	1850
1849	1830
1850	1829
1851	1849
1852	1854
1853	1828
1854	1856
1855	1853
1856	1827
1857	1855
1858	1860
1859	1826
1860	1825
1861	1859
1862	1823
1863	1824
1864	1866
1865	1816
1866	1868
1867	1865
1868	1815
1869	1867
1870	1813
1871	1814
1872	1874
1873	1810
1874	1876
1875	1873
1876	1878
1877	1875
1878	1880
1879	1877
1880	1882
1881	1879
1882	1809
1883	1881
1884	1807
1885	1808
1886	1805
1887	1806
1888	1890
1889	1794
1890	1793
1891	1889
1892	1894
1893	1792
1894	1791
1895	1893
1896	1898
1897	1790
1898	1789
1899	1897
1900	1902
1901	1784
1902	1783
1903	1901
1904	1781
1905	1782
1906	1908
1907	1780
1908	1910
1909	1907
1910	1779
1911	1909
1912	1914
1913	1774
1914	1773
1915	1913
1916	1771
1917	1772
1918	1920
1919	1770
1920	1922
1921	1919
1922	1769
1923	1921
1924	1767
1925	1768
1926	1765
1927	1766
1928	1930
1929	1762
1930	1932
1931	1007
1931	1929
1932	1761
1933	1931
1934	1936
1935	1760
1936	1759
1937	1935
1938	1940
1939	1758
1940	1757
1941	1939
1942	1755
1943	1756
1944	1753
1945	1754
1946	1749
1947	1750
1948	1743
1949	1744
1950	1739
1951	1740
1952	1954
1953	1736
1954	1735
1955	1953
1956	1733
1957	1734
1958	1729
1959	1730
1960	1727
1961	1728
1962	1721
1963	1722
1964	1719
1965	1720
1966	1968
1967	1716
1968	3749
1969	1967
1970	1972
1971	1712
1972	1974
1973	1971
1974	1976
1975	1973
1976	1711
1977	1975
1978	1980
1979	1706
1980	1705
1981	1979
1982	1697
1983	1698
1984	1986
1985	1696
1986	1695
1987	1985
1988	1990
1989	1694
1990	1693
1991	1989
1992	1994
1993	1690
1994	1689
1995	1993
1996	1687
1997	1688
1998	1685
1999	1686
2000	2002
2001	1684
2002	1683
2003	2001
2004	1675
2005	1676
2006	2008
2007	1674
2008	1673
2009	2007
2010	73
2010	2012
2011	1672
2012	2014
2013	2011
2014	2016
2015	2013
2016	2018
2017	2015
2018	1671
2019	2017
2020	1669
2021	1670
2022	1665
2023	1666
2024	2026
2025	1664
2026	1663
2027	2025
2028	1661
2029	1662
2030	2032
2031	1660
2032	1659
2032	3204
2033	2031
2034	1657
2035	1658
2036	1645
2037	1646
2038	1643
2039	1644
2040	1641
2041	1642
2042	1639
2043	1640
2044	1633
2045	1634
2046	1629
2047	1630
2048	1627
2049	1628
2050	1625
2051	1626
2052	2054
2053	1624
2054	2056
2055	2053
2056	2058
2057	2055
2058	2060
2059	2057
2060	1623
2061	2059
2062	1619
2063	1620
2064	1613
2065	1614
2066	1611
2067	1612
2068	1609
2069	1610
2070	2072
2071	1608
2072	3747
2073	2071
2074	2076
2075	1604
2076	1603
2077	2075
2078	1601
2079	1602
2080	2082
2081	1600
2082	1599
2083	2081
2084	2086
2085	1596
2086	1595
2087	2085
2088	2090
2089	1592
2090	1591
2091	2089
2092	1585
2093	1586
2094	2096
2095	1580
2096	2098
2097	2095
2098	1579
2099	2097
2100	2102
2101	1578
2102	1577
2103	2101
2104	2106
2105	1576
2106	1575
2107	2105
2108	1571
2109	1572
2110	2112
2111	1570
2112	1569
2113	2111
2114	1567
2115	1568
2116	2118
2117	1566
2117	3094
2118	1565
2119	2117
2120	1561
2121	1562
2122	2124
2123	1560
2124	1559
2125	2123
2126	1553
2127	1554
2128	1551
2129	1552
2130	2132
2131	1550
2132	2134
2133	2131
2134	1549
2135	2133
2136	1547
2137	1548
2138	2140
2139	1544
2140	2142
2141	2139
2142	2144
2143	2141
2144	1543
2145	2143
2146	2148
2147	1534
2148	2150
2149	2147
2150	2152
2151	2149
2152	2154
2153	2151
2154	1533
2155	2153
2156	1531
2157	1532
2158	2160
2159	1530
2160	2162
2161	2159
2162	2164
2163	2161
2164	3745
2165	2163
2166	2168
2167	1528
2168	2170
2169	2167
2170	1527
2171	2169
2172	2174
2173	1526
2174	1525
2175	2173
2176	1519
2177	1520
2178	2180
2179	1518
2180	2182
2181	2179
2182	2184
2183	2181
2184	2186
2185	2183
2186	2188
2187	2185
2188	1517
2189	2187
2190	1509
2191	1510
2192	1507
2193	1508
2194	1505
2195	1506
2196	1499
2197	1500
2198	1497
2199	1498
2200	2202
2201	1496
2202	1495
2203	2201
2204	2206
2205	1492
2206	1491
2207	2205
2208	1489
2209	1490
2210	2212
2211	1488
2212	1487
2213	2211
2214	1485
2215	1486
2216	2218
2217	1484
2218	1483
2219	2217
2220	1481
2221	1482
2222	1477
2223	1478
2224	2226
2225	1476
2226	2228
2227	2225
2228	2230
2229	2227
2230	2232
2231	2229
2232	1475
2233	2231
2234	2236
2235	1474
2236	1473
2237	2235
2238	1469
2239	1470
2240	1465
2241	1466
2242	1463
2243	1464
2244	1461
2245	1462
2246	2248
2247	1460
2248	2250
2249	2247
2250	2252
2251	2249
2252	1459
2253	2251
2254	1457
2255	1458
2256	1455
2257	1456
2258	1451
2259	3742
2260	1449
2261	1450
2262	1445
2263	1446
2264	2266
2265	1444
2266	2268
2267	2265
2268	2270
2269	2267
2270	2272
2271	2269
2272	1443
2273	2271
2274	1439
2275	1440
2276	1435
2277	1436
2278	1433
2279	1434
2280	1431
2281	1432
2282	1429
2283	1430
2284	1427
2285	1428
2286	1425
2287	1426
2288	2290
2289	1424
2290	1423
2291	2289
2292	2294
2293	1420
2294	1419
2295	2293
2296	1415
2297	1416
2298	1413
2299	1414
2300	2302
2301	1412
2302	2304
2303	669
2303	2301
2304	1411
2305	2303
2306	1405
2307	1406
2308	1401
2309	1402
2310	1399
2311	1400
2312	1397
2313	1398
2314	1395
2315	1396
2316	2318
2317	1392
2318	1391
2319	2317
2320	1389
2321	1390
2322	2324
2323	1368
2324	2326
2325	2323
2326	2328
2327	2325
2328	2330
2329	2327
2330	1367
2331	2329
2332	1359
2333	1360
2334	2336
2335	1352
2336	1351
2337	2335
2338	1349
2339	1350
2340	1345
2341	1346
2342	1343
2343	1344
2344	1341
2345	1342
2346	1337
2347	1338
2348	2350
2349	1332
2350	2352
2351	2349
2352	1331
2353	2351
2354	1325
2355	1326
2356	1315
2357	1316
2358	1313
2359	1314
2360	1311
2361	1312
2362	2364
2363	1308
2364	2366
2365	2363
2366	1307
2367	2365
2368	1303
2369	1304
2370	1301
2371	1302
2372	1299
2373	1300
2374	2376
2375	1298
2376	1297
2377	2375
2378	1295
2379	1296
2380	2382
2381	1294
2382	1293
2383	2381
2384	1291
2385	1292
2386	1289
2387	1290
2388	1285
2389	1286
2390	1283
2391	1284
2392	1281
2393	1282
2394	2396
2395	1280
2396	1279
2397	2395
2398	2400
2399	1278
2400	2402
2401	2399
2402	1277
2403	2401
2404	1275
2405	1276
2406	1271
2407	1272
2408	2410
2409	1268
2410	1267
2411	2409
2412	2414
2413	3738
2414	2416
2415	2413
2416	2418
2417	2415
2418	1265
2419	2417
2420	2422
2421	1262
2422	1261
2423	2421
2424	1259
2425	1260
2426	2428
2427	1256
2428	1255
2429	2427
2430	1251
2431	1252
2432	1245
2433	1246
2434	1243
2435	1244
2436	1241
2437	1242
2438	2440
2439	1240
2440	1239
2441	2439
2442	1237
2443	1238
2444	1235
2445	1236
2446	1229
2447	1230
2448	2450
2449	1226
2450	2452
2451	2449
2452	1225
2453	2451
2454	703
2454	1223
2455	1224
2456	1219
2457	1220
2458	1215
2459	1216
2460	2462
2461	1214
2462	2464
2463	2461
2464	1213
2465	714
2465	2463
2466	1211
2467	1212
2468	1209
2469	1210
2470	1207
2471	1208
2472	1205
2473	1206
2474	2476
2475	1204
2476	2478
2477	2475
2478	1203
2479	2477
2480	2482
2481	1200
2482	1199
2483	2481
2484	1197
2485	1198
2486	1195
2487	1196
2488	1193
2489	1194
2490	2492
2491	1192
2492	2494
2493	2491
2494	2496
2495	2493
2496	1191
2497	2495
2498	1187
2499	1188
2500	1185
2501	1186
2502	2504
2503	1184
2504	2506
2505	2503
2506	2508
2507	2505
2508	1183
2509	2507
2510	1181
2511	1089
2511	1182
2512	1177
2513	1178
2514	1175
2515	1176
2516	1171
2517	1172
2518	2520
2519	1170
2520	2522
2521	2519
2522	1169
2523	2521
2524	1161
2525	1162
2526	2528
2527	1160
2528	1159
2529	2527
2530	2532
2531	1148
2532	1147
2533	2531
2534	1143
2535	1144
2536	1135
2537	1136
2538	1133
2539	1134
2540	1129
2541	1130
2542	1127
2543	3736
2544	1125
2545	1126
2546	2548
2547	1122
2548	1121
2549	2547
2550	1119
2551	1120
2552	1117
2553	1118
2554	2556
2555	1114
2556	1113
2557	2555
2558	2560
2559	1110
2560	2562
2561	2559
2562	2564
2563	2561
2564	2566
2565	2563
2566	2568
2567	2565
2568	1109
2569	2567
2570	1099
2571	1100
2572	2574
2573	1098
2574	2576
2575	2573
2576	2578
2577	2575
2578	1097
2579	2577
2580	2582
2581	1094
2582	1093
2583	2581
2584	1091
2585	1092
2586	1089
2587	1090
2588	1087
2589	1088
2590	2592
2591	1082
2592	1081
2593	2591
2594	2596
2595	1080
2596	2598
2597	2595
2598	1079
2599	2597
2600	1073
2601	1074
2602	2604
2603	1068
2604	1067
2605	2603
2606	1065
2607	1066
2608	2610
2609	1064
2610	2612
2611	2609
2612	1063
2613	2611
2614	1051
2615	1052
2616	2618
2617	1048
2618	2620
2619	2617
2620	2622
2621	2619
2622	2624
2623	2621
2624	2626
2625	2623
2626	2628
2627	2625
2628	2630
2629	2627
2630	3735
2631	2629
2632	1047
2633	3734
2634	1045
2635	1046
2636	2638
2637	1040
2638	1039
2639	2637
2640	2642
2641	1038
2642	2644
2643	2641
2644	2646
2645	2643
2646	1037
2647	2645
2648	1033
2649	1034
2650	2652
2651	1030
2652	2654
2653	2651
2654	1029
2655	2653
2656	1027
2657	1028
2658	1025
2659	1026
2660	2662
2661	1020
2662	1019
2663	2661
2664	1015
2665	1016
2666	1013
2667	1014
2668	1011
2669	1012
2670	2672
2671	1010
2672	1009
2673	2671
2674	1007
2675	1008
2676	2678
2677	1006
2678	2680
2679	2677
2680	1005
2681	2679
2682	1001
2683	1002
2684	2686
2685	1000
2686	999
2687	2685
2688	2690
2689	994
2690	993
2691	2689
2692	2694
2693	992
2694	991
2695	2693
2696	979
2697	980
2698	977
2699	978
2700	975
2701	976
2702	973
2703	974
2704	971
2705	972
2706	969
2707	970
2708	967
2709	968
2710	2712
2711	966
2712	965
2713	2711
2714	3733
2715	962
2716	961
2717	3732
2718	2720
2719	958
2720	957
2721	2719
2722	2724
2723	956
2724	2726
2725	2723
2726	955
2727	2725
2728	947
2729	948
2730	2732
2731	944
2732	2734
2733	2731
2734	2736
2735	2733
2736	2738
2737	2735
2738	2740
2739	2737
2740	2742
2741	2739
2742	943
2743	2741
2744	2746
2745	942
2746	941
2747	2745
2748	2750
2749	938
2750	937
2751	2749
2752	2754
2753	936
2754	2756
2755	2753
2756	2758
2757	2755
2758	935
2759	2757
2760	933
2761	934
2762	2764
2763	926
2764	829
2764	2766
2765	75
2765	2763
2766	925
2767	2765
2768	2770
2769	924
2770	923
2771	2769
2772	2774
2773	920
2774	919
2775	2773
2776	917
2777	918
2778	913
2779	914
2780	2782
2781	912
2782	2784
2783	2781
2784	2786
2785	2783
2786	911
2787	2785
2788	909
2789	910
2790	2792
2791	902
2792	901
2793	2791
2794	897
2795	898
2796	895
2797	896
2798	2800
2799	892
2800	2802
2801	2799
2802	891
2803	2801
2804	2806
2805	888
2806	2808
2807	2805
2808	2810
2809	2807
2810	3731
2811	2809
2812	2814
2813	3730
2814	887
2815	2813
2816	885
2817	886
2818	883
2819	884
2820	879
2821	880
2822	2824
2823	878
2824	877
2825	2823
2826	2828
2827	874
2828	2830
2829	2827
2830	873
2831	2829
2832	2834
2833	872
2834	2836
2835	2833
2836	2838
2837	2835
2838	871
2839	2837
2840	867
2841	868
2842	2844
2843	860
2844	859
2845	2843
2846	2848
2847	856
2848	855
2849	2847
2850	853
2851	854
2852	845
2853	846
2854	843
2855	844
2856	2858
2857	842
2858	841
2859	2857
2860	839
2861	840
2862	835
2863	836
2864	833
2865	834
2866	823
2867	824
2868	817
2869	820
2870	815
2871	816
2872	813
2873	814
2874	2876
2875	812
2876	2878
2877	2875
2878	811
2879	2877
2880	805
2881	806
2882	2884
2883	804
2884	803
2885	2883
2886	2888
2887	794
2888	793
2889	2887
2890	791
2891	792
2892	2894
2893	790
2894	789
2895	2893
2896	783
2897	784
2898	775
2899	776
2900	2902
2901	772
2902	771
2903	2901
2904	767
2905	768
2906	2908
2907	764
2908	763
2909	2907
2910	761
2911	762
2912	759
2913	760
2914	757
2915	758
2916	755
2917	756
2918	753
2919	754
2920	749
2921	750
2922	739
2923	740
2924	737
2925	738
2926	733
2927	734
2928	2930
2929	730
2930	729
2931	2929
2932	2934
2933	724
2934	723
2935	2933
2936	721
2937	722
2938	717
2939	718
2940	713
2941	714
2942	711
2943	712
2944	709
2945	710
2946	2948
2947	708
2948	707
2949	2947
2950	2952
2951	706
2952	2954
2953	2951
2954	705
2955	2953
2956	703
2957	704
2958	2960
2959	700
2960	2962
2961	2959
2962	699
2963	2961
2964	697
2965	698
2966	695
2967	696
2968	2970
2969	694
2970	693
2971	2969
2972	691
2973	692
2974	687
2975	688
2976	685
2977	686
2978	2980
2979	684
2980	683
2981	2979
2982	679
2983	680
2984	677
2985	678
2986	671
2987	672
2988	2990
2989	670
2990	2992
2991	2989
2992	2994
2993	2991
2994	669
2995	2993
2996	2998
2997	668
2998	667
2999	2997
3000	665
3001	666
3002	3004
3003	654
3004	653
3005	3003
3006	645
3007	646
3008	3010
3009	644
3010	3012
3011	3009
3012	3014
3013	3011
3014	3016
3015	3013
3016	3018
3017	3015
3018	643
3019	3017
3020	641
3021	642
3022	639
3023	640
3024	637
3025	638
3026	635
3027	636
3028	631
3029	632
3030	629
3031	630
3032	627
3033	628
3034	625
3035	626
3036	623
3037	3728
3038	3040
3039	620
3040	3042
3041	3039
3042	619
3043	3041
3044	3046
3045	618
3046	617
3047	3045
3048	615
3049	616
3050	613
3051	614
3052	3054
3053	608
3054	3056
3055	3053
3056	607
3057	3055
3058	3060
3059	604
3060	603
3061	3059
3062	599
3063	600
3064	597
3065	598
3066	3068
3067	590
3068	589
3069	3067
3070	585
3071	586
3072	583
3073	584
3074	579
3075	580
3076	577
3077	578
3078	3080
3079	576
3080	3082
3081	3079
3082	3084
3083	3081
3084	575
3085	3083
3086	571
3087	572
3088	3090
3089	570
3090	569
3091	3089
3092	567
3093	568
3094	565
3095	566
3095	2116
3096	557
3097	558
3098	555
3099	556
3100	549
3101	550
3102	547
3103	548
3104	541
3105	542
3106	3108
3107	540
3108	539
3109	3107
3110	3112
3111	538
3111	3356
3112	3114
3113	3111
3114	3116
3115	3113
3116	3118
3117	3115
3118	537
3119	3117
3120	535
3121	536
3122	533
3123	534
3124	531
3125	532
3126	529
3127	530
3128	525
3129	526
3130	3132
3131	520
3132	519
3133	3131
3134	513
3135	514
3136	511
3137	512
3138	509
3139	510
3140	507
3141	508
3142	3144
3143	506
3144	3146
3145	3143
3146	505
3147	3145
3148	503
3149	504
3150	3152
3151	502
3152	501
3153	3151
3154	3156
3155	500
3156	3727
3157	3155
3158	3160
3159	3726
3160	499
3161	3159
3162	493
3163	494
3164	491
3165	492
3166	3168
3167	490
3168	489
3169	3167
3170	3172
3171	488
3172	487
3173	3171
3174	3176
3175	484
3176	483
3177	3175
3178	3180
3179	482
3180	481
3181	3179
3182	3184
3183	478
3184	477
3185	3183
3186	475
3187	476
3188	473
3189	474
3190	471
3191	472
3192	3194
3193	470
3194	469
3195	3193
3196	3198
3197	468
3198	467
3199	3197
3200	3202
3201	466
3202	465
3203	3201
3204	3206
3205	462
3205	2033
3206	3208
3207	3205
3208	461
3209	3207
3210	455
3211	456
3212	3214
3213	454
3214	3216
3215	3213
3216	453
3217	3215
3218	3220
3219	452
3220	3222
3221	3219
3222	3224
3223	3221
3224	3226
3225	3223
3226	3228
3227	3225
3228	451
3229	3227
3230	449
3231	450
3232	443
3233	444
3234	3236
3235	442
3236	441
3237	3235
3238	3240
3239	440
3240	439
3241	3239
3242	3244
3243	436
3244	435
3245	3243
3246	431
3247	432
3248	3250
3249	428
3250	427
3251	3249
3252	3254
3253	422
3254	3256
3255	3253
3256	3258
3257	3255
3258	421
3259	3257
3260	419
3261	420
3262	415
3263	416
3264	3266
3265	414
3266	413
3267	3265
3268	411
3269	412
3270	3272
3271	408
3272	407
3273	3271
3274	403
3275	404
3276	3278
3277	402
3278	3280
3279	3277
3280	401
3281	3279
3282	397
3283	398
3284	391
3285	392
3286	385
3287	386
3288	3290
3289	384
3290	383
3291	3289
3292	381
3293	382
3294	377
3295	378
3296	375
3297	376
3298	3300
3299	374
3300	3302
3301	3299
3302	373
3303	3301
3304	365
3305	366
3306	361
3307	362
3308	359
3309	360
3310	3312
3311	356
3312	355
3313	3311
3314	3316
3315	354
3316	3318
3317	3315
3318	353
3319	3317
3320	349
3321	350
3322	3324
3323	346
3324	345
3325	3323
3326	3328
3327	342
3328	3330
3329	3327
3330	3332
3331	3329
3332	341
3333	3331
3334	3336
3335	338
3336	337
3337	3335
3338	331
3339	332
3340	3342
3341	330
3342	3344
3343	3341
3344	3346
3345	3343
3346	3348
3347	3345
3348	329
3349	3347
3350	3352
3351	326
3352	3354
3353	3351
3354	325
3355	3353
3356	3358
3357	324
3357	3110
3358	3360
3359	3357
3360	323
3361	3359
3362	3364
3363	322
3364	3366
3365	3363
3366	321
3367	3365
3368	3370
3369	320
3370	319
3371	3369
3372	3374
3373	316
3374	3376
3375	3373
3376	3378
3377	3375
3378	315
3379	3377
3380	311
3381	312
3382	309
3383	310
3384	3386
3385	308
3386	307
3387	3385
3388	3390
3389	296
3390	295
3391	3389
3392	3394
3393	294
3394	3396
3395	3393
3396	3398
3397	3395
3398	293
3399	3397
3400	289
3401	290
3402	3404
3403	282
3404	281
3405	3403
3406	277
3407	278
3408	275
3409	276
3410	273
3411	274
3412	3414
3413	268
3414	3416
3415	3413
3416	267
3417	3415
3418	265
3419	266
3420	3422
3421	262
3422	261
3423	3421
3424	3426
3425	260
3426	259
3427	3425
3428	257
3429	258
3430	3432
3431	254
3432	253
3433	3431
3434	3436
3435	252
3436	251
3437	3435
3438	249
3439	250
3440	3442
3441	248
3442	247
3443	3441
3444	245
3445	246
3446	239
3447	240
3448	3450
3449	238
3450	3452
3451	3449
3452	237
3453	3451
3454	233
3455	234
3456	3458
3457	232
3458	231
3459	3457
3460	3462
3461	228
3462	227
3463	3461
3464	3466
3465	226
3466	3468
3467	3465
3468	3470
3469	3467
3470	225
3471	3469
3472	221
3473	222
3474	215
3475	216
3476	3478
3477	212
3478	3480
3479	3477
3480	211
3481	3479
3482	209
3483	210
3484	3486
3485	208
3486	207
3487	3485
3488	205
3489	206
3490	3721
3491	204
3492	3494
3493	198
3494	3496
3495	3493
3496	197
3497	3495
3498	3500
3499	194
3500	193
3501	3499
3502	189
3503	190
3504	187
3505	188
3506	3508
3507	186
3508	3510
3509	3507
3510	185
3511	3509
3512	3514
3513	184
3514	183
3515	3513
3516	181
3517	182
3518	3520
3519	180
3520	179
3521	3519
3522	177
3523	178
3524	169
3525	170
3526	3528
3527	168
3528	167
3529	3527
3530	3532
3531	166
3532	3534
3533	3531
3534	3536
3535	3533
3536	165
3537	3535
3538	163
3539	164
3540	161
3541	162
3542	3544
3543	148
3544	147
3545	3543
3546	145
3547	146
3548	141
3549	142
3550	3552
3551	140
3552	139
3553	3551
3554	135
3555	136
3556	3558
3557	134
3558	133
3559	3557
3560	3562
3561	132
3562	3564
3563	3561
3564	3566
3565	3563
3566	131
3567	3565
3568	119
3569	120
3570	3572
3571	118
3572	117
3573	3571
3574	3576
3575	112
3576	111
3577	3575
3578	3580
3579	108
3580	107
3581	3579
3582	3584
3583	106
3584	105
3585	3583
3586	3588
3587	100
3588	99
3589	3587
3590	3592
3591	96
3592	95
3593	3591
3594	3596
3595	90
3596	3598
3597	3595
3598	89
3599	3597
3600	85
3601	86
3602	3604
3603	82
3604	3606
3605	3603
3606	81
3607	3605
3608	79
3609	80
3610	77
3611	78
3612	3614
3613	76
3614	3616
3615	3613
3616	75
3617	3615
3618	73
3619	74
3620	3622
3621	72
3622	3624
3623	3621
3624	3626
3625	3623
3626	3628
3627	3625
3628	3630
3629	3627
3630	3632
3631	3629
3632	71
3633	3631
3634	69
3635	70
3636	3638
3637	66
3638	3640
3639	3637
3640	3642
3641	3639
3642	65
3643	3641
3644	63
3645	64
3646	3648
3647	62
3648	3650
3649	3647
3650	61
3651	3649
3652	3654
3653	52
3654	51
3655	3653
3656	3658
3657	50
3658	49
3659	3657
3660	47
3661	48
3662	3664
3663	46
3664	3666
3665	3663
3666	3668
3667	3665
3668	45
3669	3667
3670	43
3671	44
3672	3717
3673	42
3674	3676
3675	38
3676	3678
3677	3675
3678	3680
3679	3677
3680	3682
3681	3679
3682	37
3683	3681
3684	33
3685	34
3686	3688
3687	32
3688	31
3689	3687
3690	27
3691	28
3692	25
3693	26
3694	3696
3695	24
3696	23
3697	3695
3698	21
3699	22
3700	17
3701	18
3702	15
3703	16
3704	13
3705	14
3706	9
3707	10
3708	3710
3709	6
3710	3712
3711	3709
3712	5
3713	3711
3714	3
3715	4
3716	3673
3717	41
3718	116
3719	115
3720	3491
3721	203
3722	284
3723	283
3724	424
3725	423
3726	3157
3727	3158
3728	624
3729	3036
3730	2811
3731	2812
3732	2715
3733	2716
3734	2631
3735	2632
3736	1128
3737	2542
3738	1266
3739	2412
3740	1358
3741	1357
3742	1452
3743	2258
3744	2165
3745	1529
3746	2073
3747	1607
3748	1969
3749	1715
3750	1804
3751	1803
